0.000000000000000000e+00 0.000000000000000000e+00
4.416059618797335774e+06 3.176595007731153331e-06
4.234982182826712728e+06 3.047222151747464025e-06
4.061329700468156021e+06 2.918509580701611483e-06
3.894797716691995040e+06 2.802813658248082263e-06
3.735094260434106458e+06 2.685674227967393968e-06
3.581939332699640188e+06 2.574489167975202442e-06
3.435064415656690486e+06 2.471609804044483383e-06
3.294212001859243028e+06 2.372403327552397023e-06
3.159135142773997970e+06 2.271155468414054468e-06
3.029597015819543507e+06 2.178344175512991754e-06
2.905370509158779867e+06 2.090878429353293377e-06
2.786237823516638950e+06 2.006229677609105977e-06
2.671990090324991383e+06 1.922376203236653147e-06
2.562427005525259301e+06 1.844165131034691818e-06
2.457356478386688046e+06 1.767476646277743590e-06
2.356594294724582229e+06 1.696900469770612485e-06
2.259963793928050436e+06 1.625779415016792573e-06
2.167295559230987448e+06 1.557429515318398128e-06
2.078427120683288435e+06 1.493931092742817324e-06
1.993202670301517472e+06 1.436226898528236706e-06
1.911472788899623556e+06 1.375573977793753677e-06
1.833094184120771708e+06 1.317715247188544492e-06
1.757929439210998826e+06 1.264020620568573339e-06
1.685846772094222251e+06 1.211893713250200566e-06
1.506604647969957907e+06 1.084340884041634645e-06
1.338922203621268040e+06 9.634344411493800386e-07
1.189902520057657501e+06 8.561381852623117794e-07
1.057468464866880793e+06 7.606005999714893218e-07
9.397740868165678112e+05 6.752636688388269359e-07
8.351788857959863963e+05 6.006780776703080083e-07
7.422249464679836528e+05 5.343427703918823823e-07
6.596166169051983161e+05 4.745998072874790807e-07
5.862024489582782844e+05 4.219212111911119223e-07
5.127005671446403721e+05 3.562721260039897198e-07
4.469454637449318543e+05 2.984984438236804039e-07
3.897096513025320019e+05 2.495864208969938991e-07
3.398806143177261110e+05 2.088658639680038287e-07
2.964920421896540793e+05 1.747662143006950553e-07
2.587045144438943244e+05 1.460946843544544405e-07
2.257887488749312761e+05 1.221946000131562959e-07
1.971110712332229014e+05 1.022700853131434939e-07
1.721208107063446951e+05 8.552221726285114123e-08
1.503393649491449469e+05 7.158993042257963402e-08
1.244770497345536860e+05 2.235323918284848332e-04
1.031890438206779509e+05 8.530764333924000138e-04
8.586571765295056684e+04 1.053649612003937364e-09
7.170456554295180831e+04 7.091415754985064268e-04
6.007483315701696120e+04 4.187078217896781241e-04
5.048677629811139923e+04 4.115956357664326149e-04
4.255282753638753638e+04 8.843351679388433695e-05
3.596513066495573003e+04 4.634657016140408814e-04
3.047771792751409521e+04 4.309465790564423124e-04
2.589303684106397122e+04 8.171031784218781967e-05
2.205165822938083147e+04 1.684384187683463097e-09
1.882420926396261711e+04 7.660242772544734180e-05
1.610594633816189344e+04 1.924211345041897071e-04
1.381052445617587728e+04 9.374402361572720110e-05
1.186765614298667970e+04 4.362645267974585295e-05
1.021941672827894945e+04 1.329169205175008872e-04
8.818021762734826552e+03 1.029620200142540424e-04
7.623936686871590609e+03 9.613484417059225962e-05
6.604363507103517804e+03 2.951355963887181133e-05
5.731916008457697899e+03 8.947154128691181540e-11
4.984164605529552318e+03 9.493781213663568140e-06
4.341779229157968985e+03 3.651918562275067092e-05
3.788938699885503411e+03 6.157620940916430641e-11
3.312271535667848639e+03 2.032065458479337394e-05
2.900527611294085091e+03 4.691504650045086322e-11
2.544222620555356571e+03 2.098290042340522632e-05
2.235344869607055443e+03 1.761484709736099057e-05
1.967115292801869145e+03 4.218132517053163610e-06
1.733805947779328335e+03 3.028333139809546992e-11
1.530456274415459347e+03 2.122840876623007336e-05
1.352988939625968442e+03 3.360517107606837868e-06
1.197832950836700093e+03 1.450910190214926843e-05
1.061961773539893329e+03 5.193855060949598872e-06
9.427863251224165424e+02 1.064782895809912588e-05
8.380879972102012516e+02 5.508439926416031085e-07
7.459624555611407004e+02 3.481881462469776705e-06
6.647724405208438156e+02 1.416962390976550523e-06
5.931079303735408530e+02 1.406059027431183495e-06
5.297525934631861446e+02 3.980895891873198532e-06
4.736553421590783159e+02 3.949903326556392723e-06
4.239062869173871491e+02 4.127194955492077512e-06
3.797162539769904583e+02 1.751665649241839666e-06
3.403993309794347510e+02 7.135411714070082068e-12
3.053579018215343694e+02 6.463231637510017703e-12
2.740697146668252913e+02 8.817139551756080076e-07
2.460765631838923184e+02 4.098050965239963261e-07
2.209741411651919236e+02 2.712105270604956541e-06
1.984025410304514878e+02 6.863145927127334289e-07
1.780366378832374608e+02 2.295710718920342820e-06
1.595749717033012871e+02 1.382713378461630782e-06
1.427241149851959960e+02 1.289948585281308624e-06
1.271708280050982580e+02 1.687613897888713384e-06
1.125178167529525126e+02 1.336583650868305995e-06
9.808420795247991464e+01 1.240684071453178046e-06
8.191760857870296775e+01 7.990981803939608116e-07
0.000000000000000000e+00 0.000000000000000000e+00
