0.000000000000000000e+00 0.000000000000000000e+00
1.028967262130646348e+09 2.839979917489188210e-03
9.144450177572922707e+08 2.523932181460963875e-03
8.126688975212149620e+08 2.242152122882146159e-03
7.222202802505018711e+08 1.992941615263532640e-03
6.418384348116345406e+08 1.770814365407602509e-03
5.704029472262424231e+08 1.574004487626012860e-03
5.069181036188170314e+08 1.398855842793977899e-03
4.504990113148482442e+08 1.243158394508725451e-03
4.003592646362967491e+08 1.104652371353154194e-03
3.557999834723129272e+08 9.819720088319883189e-04
3.162000718377310038e+08 8.725472223254371329e-04
2.810075606368499994e+08 7.755334677259639875e-04
2.497319139623620212e+08 6.892636535482665749e-04
2.219371916896609366e+08 6.125306672224439808e-04
1.972359730623651743e+08 5.443288840947246854e-04
1.752839565720713437e+08 4.835725347884789471e-04
1.557751608619836271e+08 4.298393539521327966e-04
1.384376597615167499e+08 3.820625842676506068e-04
1.230297920040383339e+08 3.394472701563344685e-04
1.093367927963527590e+08 3.017241677598647698e-04
9.716780028856897354e+07 2.682256969572804906e-04
8.635319521860143542e+07 2.382949674202272661e-04
7.674223664955326915e+07 2.117941044117443994e-04
6.820096084536541998e+07 1.882400847521559228e-04
5.648213162219593674e+07 1.558764798881284719e-04
4.651644325996410102e+07 1.283853996993933322e-04
3.830909761038754880e+07 1.057374474022765298e-04
3.154985327490259334e+07 8.706870814245704082e-05
2.598320774326935410e+07 7.169564309150722181e-05
2.139873928247218952e+07 5.903996709910597218e-05
1.762315289950423688e+07 4.863144850131284613e-05
1.451372971181058325e+07 4.005071497270584757e-05
1.195293210861372389e+07 3.298811089591513479e-05
1.042791007588832080e+07 2.726954498016853634e-05
9.221610467367576435e+06 2.256967464508985444e-05
8.164254709529565647e+06 1.867454527171297229e-05
7.236788558225332759e+06 1.545303121597285667e-05
6.422651012975367717e+06 1.278308690375040690e-05
5.707442853773210198e+06 1.057951723532069011e-05
5.010667543949619867e+06 4.540876299142837524e-02
4.389837646683407947e+06 5.002052057534456253e-02
3.859250838795267977e+06 3.678446983921782043e-02
3.404142334792220499e+06 2.339630993083119392e-02
3.012439445060103666e+06 2.630397211760282516e-02
2.674213401911940891e+06 3.227901668179100625e-08
2.381256479994450696e+06 1.532743545249104500e-02
2.126752186031645630e+06 3.100989880463873166e-02
1.905015700851878617e+06 1.363252638839185238e-02
1.711287078103895532e+06 4.887014627456665039e-03
1.541567800948673626e+06 2.716123359277844429e-03
1.392486641611411003e+06 1.632371882109850958e-08
1.261193064560757251e+06 3.359608146745525492e-03
1.145269579705504468e+06 1.043611921349671748e-02
1.042660309350119089e+06 8.318578517222494084e-03
9.516122845959964907e+05 5.637083202600479126e-03
8.706270175888639642e+05 1.039963970398480320e-02
7.984204701547690202e+05 3.849337343126535416e-03
7.338897719102768460e+05 3.278463567720477090e-03
6.760855043844011379e+05 6.274574087001383305e-03
6.241885727827498922e+05 1.915527563593963367e-03
5.774907593865311937e+05 2.056353184271622614e-04
5.353784625082578277e+05 4.401261801831424236e-03
4.973189490370946005e+05 5.690212652552872896e-03
4.628487713508259039e+05 3.946253157562324559e-03
4.315639468459478230e+05 6.335211161058396101e-03
4.031116572856860003e+05 4.417403611702157978e-03
3.771831624759456608e+05 8.211680711138653888e-04
3.535077909658519202e+05 3.803840147666482513e-03
3.318478007179939304e+05 3.924420109511474186e-03
3.119939837369255838e+05 1.159653590382357657e-04
2.937619084046622156e+05 3.732496746646100927e-03
2.769886883860336384e+05 1.227310503036404751e-03
2.615302110743267694e+05 2.443051455512657011e-03
2.472587453720004414e+05 3.178817633135488929e-03
2.340608597924541100e+05 2.915970981121063232e-06
2.218357422021304665e+05 1.940544057173636261e-03
2.104934630407902878e+05 2.102396677482316206e-03
1.999538313177192176e+05 1.634163141716271639e-03
1.901451317710320582e+05 2.243297094030476113e-03
1.810031473030409834e+05 1.756479323375970125e-03
1.724702668642799545e+05 3.675107855689082464e-04
1.644947200228568108e+05 1.763348554959520698e-03
1.570299058246243512e+05 2.208012039773166180e-03
1.500338022678784619e+05 1.957643903936975849e-03
1.434684424995105655e+05 1.671015110332518816e-03
1.372994703250438324e+05 5.025614448854838143e-04
1.314949108201803756e+05 1.480543687648605555e-09
1.260288023561882001e+05 7.274034869624301791e-04
1.208728970015781379e+05 1.071798658813349903e-03
1.160043145004612161e+05 1.628595254940401731e-03
1.114012100274518161e+05 1.629138125400846852e-03
1.070432693713588233e+05 2.527604042028589945e-04
1.029112485482592165e+05 9.646320526234758788e-04
9.898630627628247021e+04 6.980804027989506721e-05
9.524871548625780270e+04 5.599285941570997238e-07
9.167459964038441831e+04 1.300328569232478111e-03
8.822521667283483839e+04 1.677945983828976750e-04
8.478975266287373961e+04 1.203533869833674393e-03
0.000000000000000000e+00 0.000000000000000000e+00
