0.000000000000000000e+00 0.000000000000000000e+00
1.578269022861828469e+07 8.319310604687490951e-06
1.457026272038825415e+07 7.670077455224078022e-06
1.345097398897129111e+07 7.101817862897874534e-06
1.241766910618623905e+07 6.553053765123717511e-06
1.146374278599916399e+07 6.042066626577025090e-06
1.058309716097027622e+07 5.584116398643645951e-06
9.770102802317474037e+06 5.145180228899315367e-06
9.019562734421720728e+06 4.759151542799155976e-06
8.326679213740929030e+06 4.395395628853382419e-06
7.687023059770374559e+06 4.055226299121139633e-06
7.096505342001039535e+06 3.745128401261288431e-06
6.551351241888118908e+06 3.452887520266623156e-06
6.048075922745178454e+06 3.190291094856689824e-06
5.583462253314889036e+06 2.943914986744400331e-06
5.154540242616870441e+06 2.722489804360406218e-06
4.758568054612108506e+06 2.507912206822782153e-06
4.393014481322376989e+06 2.316599773663496897e-06
4.055542762365985662e+06 2.136013299167127677e-06
3.743995647478071973e+06 1.975130789227952377e-06
3.456381606529281940e+06 1.822491562386563402e-06
3.190862098891879432e+06 1.685380619585730155e-06
2.945739820774164982e+06 1.552673448985963933e-06
2.719447855395597406e+06 1.433645876069977732e-06
2.510539656646301039e+06 1.321053003926209168e-06
2.159822099760736804e+06 1.138855177565401000e-06
1.847752131293458631e+06 9.739085774021494224e-07
1.580772758588654455e+06 8.344374974565693659e-07
1.352368898390472401e+06 7.126712362054421490e-07
1.156966823597555980e+06 6.088876377263741091e-07
9.897981479007133748e+05 5.216477515918027663e-07
8.467834631085887086e+05 4.469447257952896546e-07
7.244327895692341262e+05 3.817938074197890774e-07
6.197604103845888749e+05 3.265828118076408160e-07
5.368769869278694969e+05 2.731754360843496876e-07
4.664441985230110004e+05 2.276911408218701416e-07
4.053493931941226474e+05 1.895568818785497989e-07
3.523442683563159080e+05 1.580304262163365059e-07
3.063485100852146279e+05 1.317317912322146789e-07
2.664270614500610391e+05 3.959320164369728445e-03
2.317704811465008243e+05 3.300972098964294332e-03
2.016779706329099135e+05 2.751933127687067326e-03
1.709867698164460598e+05 1.362867379440793267e-03
1.413972283517683391e+05 1.536494331601603609e-03
1.173714580131902476e+05 1.943023674427796915e-04
9.776937677407060983e+04 1.044277625554511542e-03
8.170670544489551685e+04 1.125739373221794348e-04
6.849185456538072322e+04 8.526142551637078907e-04
5.757996069250428991e+04 6.189465231466705075e-04
4.853895289155986393e+04 1.591121408949201788e-04
4.102419630189298914e+04 1.304192213642612307e-04
3.475934488984498603e+04 3.619019944020281446e-04
2.952174515219093519e+04 3.999879660479786769e-04
2.513121521424640014e+04 1.007748251140583307e-04
2.144135298323512689e+04 1.088202698156237602e-04
1.833270515910410177e+04 2.442135382807464339e-10
1.570771669566453238e+04 4.074066600878722966e-05
1.348599355457086494e+04 1.111814999603666365e-04
1.160151408407670533e+04 1.222080551088662072e-04
9.999702558699109431e+03 6.330777648443888968e-05
8.635360865842387284e+03 1.001262153295101598e-04
7.470959498453802553e+03 5.250764134137592522e-05
6.475259827703765950e+03 4.848268946011017981e-05
5.622197843537359404e+03 9.689402759249787778e-06
4.889979903332655340e+03 1.361790090330231885e-05
4.260339647252467330e+03 6.444102760086445336e-11
3.717938521825265070e+03 2.248290364893204205e-06
3.249868770679288446e+03 4.826701686548253876e-05
2.845247116147718771e+03 1.141415850725024939e-10
2.494879805042072803e+03 5.474923455039970577e-06
2.190985867082669301e+03 2.352718245923816854e-05
1.926967958781867992e+03 2.722098793128679972e-05
1.697222604130578247e+03 1.761452540449681692e-05
1.496982078084091654e+03 2.286159769937512465e-06
1.322182924039686895e+03 1.752391456896750259e-05
1.169356111297745201e+03 1.675612406870641280e-05
1.035535222418334342e+03 5.677136296750761495e-06
9.181794942279442466e+02 3.263709424439670314e-06
8.151092681438960881e+02 6.580535114153462928e-06
7.244516850420877745e+02 5.575059725201042115e-06
6.445949438160595264e+02 2.387423592153936625e-12
5.741497204120339575e+02 5.312508619681466371e-06
5.119165236442520950e+02 5.520444176454475382e-06
4.568580724107760034e+02 6.377181943157148269e-06
4.080758330384305168e+02 3.785604349104687572e-06
3.647900357724162745e+02 3.900772526998108539e-06
3.263226622560417240e+02 1.106376241692348433e-06
2.920827929785833703e+02 2.371632604081241880e-06
2.615539411003962869e+02 3.546478882392163653e-06
2.342830714037127393e+02 5.472365948359402053e-07
2.098706235549568930e+02 2.548854780570763978e-06
1.879613280781253764e+02 2.544932973899074701e-06
1.682349292896027180e+02 1.204127784149022773e-06
1.503955925521339054e+02 1.141743307035007114e-06
1.341572017171987738e+02 1.313553042336934595e-06
1.192174257546313356e+02 9.966760217139380984e-07
1.051981935799983319e+02 1.247608429924303639e-06
9.146092542940860426e+01 1.184415225452539744e-06
7.618955925600765511e+01 6.478863667780387914e-07
0.000000000000000000e+00 0.000000000000000000e+00
