0.000000000000000000e+00 0.000000000000000000e+00
1.633951588387045012e+04 1.420623647375735682e-08
1.627744190213531692e+04 1.414107671032175523e-08
1.621560374006803613e+04 1.409876269203858001e-08
1.615400050178735182e+04 1.404269897825431712e-08
1.609263129481549367e+04 1.397211468897284481e-08
1.603149523006521304e+04 1.393483492267630353e-08
1.597059142182690994e+04 1.387648559470280873e-08
1.590991898775582195e+04 1.382077625185652164e-08
1.584947704885919666e+04 1.376377332332895387e-08
1.578926472948360242e+04 1.372711936654946729e-08
1.572928115730221180e+04 1.367929626419194661e-08
1.566952546330218684e+04 1.362200570604373689e-08
1.560999678177207170e+04 1.356996054099109811e-08
1.555069425028925980e+04 1.352138902558329414e-08
1.549161700970749371e+04 1.346132477134023148e-08
1.543276420414441782e+04 1.341905992433608391e-08
1.537413498096919284e+04 1.335962761229124440e-08
1.531572849079011394e+04 1.330851162248663372e-08
1.525754388744234893e+04 1.326543881165209715e-08
1.519958032797564010e+04 1.322099643305540972e-08
1.514183697264209695e+04 1.316734132470430418e-08
1.508431298488405446e+04 1.311405231879236161e-08
1.502700753132193677e+04 1.305474453051121836e-08
1.496991978174217547e+04 1.301270154726707345e-08
1.389731773044914553e+04 1.207864673568887631e-08
1.282972468623817076e+04 1.114762800591331121e-08
1.184414422389042738e+04 1.029267880837568191e-08
1.093427613039837706e+04 9.503641911086900540e-09
1.009430417561469221e+04 8.779429726398987888e-09
9.318858932650695351e+03 8.099333589873733419e-09
8.602983454414821608e+03 7.484077109562101149e-09
7.942101586882065021e+03 6.908350505584540113e-09
7.331988716540561654e+03 6.369335508939633766e-09
6.452070057080928564e+03 5.448541394101336088e-09
5.619250405697674069e+03 4.587925848964242298e-09
4.894321003938845934e+03 3.857433716333369747e-09
4.263259245853660104e+03 3.246712533425209074e-09
3.713870405027681500e+03 2.730832540418057404e-09
3.235548735713672613e+03 2.298133631908460400e-09
2.819069872177833531e+03 1.933438264592230067e-09
2.456410416950654962e+03 1.626025248854020416e-09
2.140591149275299813e+03 1.367244829329826265e-09
1.865540754401618415e+03 1.148733358747613086e-09
1.625977381886263856e+03 9.667303383522718278e-10
1.323807771457548142e+03 2.378774182789066818e-06
1.060292075086399109e+03 1.355223431781621990e-05
8.529809277505315777e+02 6.628775622630200814e-06
6.889441585758091833e+02 6.402634315528892006e-06
5.584759620140176821e+02 8.176986376234570889e-06
4.542211081257697742e+02 6.740579252346453427e-06
3.705583754482009340e+02 2.672719628466202164e-06
3.031592878629838310e+02 2.428081324104356265e-06
2.486606848502629532e+02 3.152145211515744450e-12
2.044675969931511190e+02 1.830833840238118163e-06
1.685045630891940789e+02 8.086045690197919092e-07
1.391606335325220414e+02 1.960406663392699755e-12
1.151539856658176717e+02 9.458332073108977056e-07
9.546504966612141629e+01 1.051007004093662545e-06
7.927962938603853615e+01 1.031551670838138908e-06
6.594513853412927062e+01 9.648693304654600513e-07
5.493672738281644286e+01 4.562595847801276250e-07
4.583092780618885342e+01 5.726939418441540714e-07
3.828503950080605023e+01 4.255519428631974586e-07
3.202094487688633251e+01 8.167353239288640273e-09
2.681233641513811250e+01 5.060252083987353270e-08
2.247460243391173762e+01 2.519957298423504946e-07
1.885678685640216656e+01 2.373333442390335205e-07
1.583517532360874469e+01 1.683639136749242831e-07
1.330816171012550697e+01 8.768671477810130455e-08
1.119212747185338053e+01 1.368745539346633558e-07
9.414477998824303029e+00 1.909583602355269250e-13
7.929190978148993985e+00 7.408304722162135395e-08
6.678193208909340761e+00 1.140674949577826410e-08
5.626055411038214160e+00 4.703885222381280706e-08
4.740333311316176967e+00 4.842448753095141001e-08
3.994046075603828072e+00 4.526282285399795613e-08
3.364722485818471664e+00 2.161289867332943604e-09
2.833620306305669967e+00 1.655537797164240869e-08
2.385085698051044645e+00 3.045775320842381007e-08
2.006026349207224779e+00 2.344446237145803025e-08
1.685478511615576602e+00 1.228303858624713030e-08
1.414248535140646634e+00 1.071206940872902444e-08
1.184617489486174735e+00 1.061740673158340087e-08
9.900961529593037547e-01 1.425756886691566492e-08
8.252217870927948118e-01 6.904367326834049863e-09
6.853890482235809323e-01 2.527748924887815440e-14
5.667119290862496772e-01 2.217128390602507437e-14
4.658906388126562992e-01 9.355777430553047225e-09
3.801417375897797046e-01 2.529493426300377114e-14
3.070832008872669272e-01 1.216152284971526218e-08
2.446750062509241153e-01 1.369513821382212741e-08
1.911483138758974520e-01 1.021920676894889394e-08
1.449379671952797932e-01 1.046996339626460326e-08
1.046038033575005105e-01 1.198934197754741859e-08
6.871399060436024497e-02 1.464936222328461213e-08
3.561059686587443596e-02 1.443927728325172193e-08
2.748250353025716557e-03 9.579727015991690298e-09
0.000000000000000000e+00 0.000000000000000000e+00
0.000000000000000000e+00 0.000000000000000000e+00
