0.000000000000000000e+00 0.000000000000000000e+00
1.857313870424516790e+05 2.708159190373260472e-07
1.850257916742135421e+05 2.696101054321109469e-07
1.843228768697271589e+05 2.686565667361917598e-07
1.836226324455045105e+05 2.677497828729169527e-07
1.829250482567446888e+05 2.666445880726564521e-07
1.822301141971868637e+05 2.656289246859289133e-07
1.815378201989642403e+05 2.646144222975821414e-07
1.808481562324577535e+05 2.635741962533910687e-07
1.801611123061510734e+05 2.624910346530479055e-07
1.794766784664855804e+05 2.616190295789966314e-07
1.787948447977164469e+05 2.606623534309737700e-07
1.781156014217689226e+05 2.596008348808298560e-07
1.774389384980949690e+05 2.585596675461904193e-07
1.767648462235310872e+05 2.577363364605900209e-07
1.760933148321559129e+05 2.566328077321239354e-07
1.754243345951489464e+05 2.557950751786580712e-07
1.747578958206498646e+05 2.548249224132437263e-07
1.740939888536172803e+05 2.537454519349613413e-07
1.734326040756898583e+05 2.528846508604437604e-07
1.727737319050463266e+05 2.519295496782730792e-07
1.721173627962668543e+05 2.509483247436355979e-07
1.714634872401947505e+05 2.497955587186379001e-07
1.708120957637988322e+05 2.489568794190183398e-07
1.701631789300358796e+05 2.481287518611707821e-07
1.579709041926986538e+05 2.303778444852355722e-07
1.458355668725817231e+05 2.126572156823519633e-07
1.346324671225769562e+05 1.963848474525672905e-07
1.242899903790175595e+05 1.812211796355100990e-07
1.147420235146664781e+05 1.673280914053082435e-07
1.059275322179354553e+05 1.544601025719669063e-07
9.779017083786668081e+04 1.426180573707580557e-07
9.027792220085328154e+04 1.315804939241993488e-07
8.334276509666757192e+04 1.214896024831838006e-07
7.346102602277297410e+04 1.038535158248525547e-07
6.410940430701487639e+04 8.731825095571396633e-08
5.595545296510057233e+04 7.345090846481994173e-08
4.884500577889048873e+04 6.169495654802237272e-08
4.264382696472292446e+04 5.189863059532756617e-08
3.723502496754897584e+04 4.359014506316073734e-08
3.251680293936995440e+04 3.663573754412140226e-08
2.840050194482342704e+04 3.081450513980552031e-08
2.480889869044957595e+04 2.589023814639820203e-08
2.167472457301086251e+04 2.174679833693432540e-08
1.893937718546850374e+04 1.829178479040641236e-08
1.565240967512305542e+04 6.313236735877580941e-05
1.276954368693931428e+04 8.944435285229701549e-05
1.046049855849281266e+04 2.367917177599401096e-05
8.601220094009893728e+03 9.909109725983748958e-05
7.096920330139541875e+03 9.551112634653691202e-05
5.874520841001513872e+03 8.073582284850999713e-05
4.877231881234009961e+03 3.718649817908189614e-06
4.060608198275588620e+03 5.165488880383683470e-05
3.389644163432037203e+03 7.726341329206761095e-06
2.836610116417726204e+03 3.108020373686964043e-05
2.379425067897630925e+03 3.141592878819210455e-05
2.000421953507470107e+03 2.472114700446947921e-11
1.685403156428573084e+03 6.995765033934731036e-06
1.422912911338034064e+03 1.662137606217584107e-05
1.203672997673430928e+03 1.616491527128589229e-05
1.020142510645707034e+03 1.477624266499333316e-05
8.661724645846740032e+02 7.510375603924076345e-06
7.367334322244596478e+02 4.899802684555658772e-06
6.276998167768550729e+02 7.270479730121069011e-06
5.356644133467401616e+02 7.128519996513205115e-12
4.578699292830063428e+02 6.586757751476114608e-06
3.919616205385745502e+02 5.483322967990401391e-06
3.360361105331496105e+02 4.255861093029294199e-06
2.885012188173083700e+02 2.881867813668715060e-06
2.480314645994187970e+02 3.435834949883087575e-12
2.135225626338430800e+02 6.398648112992473652e-07
1.840499775777902016e+02 2.333872662392685263e-06
1.588407004291338183e+02 2.322402366417009034e-06
1.372460487531431568e+02 8.862172111604923601e-08
1.187209027885115944e+02 1.412262247008185693e-06
1.028063782508264552e+02 1.072639909560438862e-06
8.911552380880554836e+01 1.177426170784201531e-06
7.732151899285106822e+01 1.072181717631792708e-06
6.714785622458317960e+01 2.536601634776630733e-07
5.836024911494660472e+01 5.902762465888663080e-07
5.075986165942011041e+01 1.246948270196526735e-07
4.417768480117504026e+01 5.280040795696550049e-07
3.846983737880269416e+01 1.929290291968754900e-07
3.351363723018749852e+01 7.318895001162672997e-08
2.920430968159424978e+01 1.786350843361717842e-07
2.545221356821642900e+01 2.317925349847084848e-07
2.218051539541224315e+01 2.776264982121189477e-07
1.932320147277454581e+01 3.226585665316861196e-13
1.682344913122063090e+01 5.999142390559021110e-08
1.463207905246371254e+01 2.103848662502251574e-07
1.270639084418813169e+01 1.802216096424934645e-07
1.100896471757094197e+01 1.158737717281041868e-08
9.506563564983549597e+00 8.456051884319404555e-08
8.168931870471846324e+00 2.418428606951703148e-08
6.967231387649896135e+00 7.261898647626341106e-08
5.871437583550482842e+00 2.820828193250690674e-08
4.844634328393975231e+00 3.139701052905501502e-08
3.825956938702693044e+00 4.771326143182656065e-08
2.649534118762070900e+00 3.186925199248105392e-08
0.000000000000000000e+00 0.000000000000000000e+00
