0.000000000000000000e+00 0.000000000000000000e+00
6.047949377286893316e+06 3.642403980302333366e-02
5.583345429088688456e+06 3.362595040808002977e-02
5.154432392836939543e+06 3.104279928876962913e-02
4.758468489860781468e+06 2.865809079854386709e-02
4.392922565143098123e+06 2.645657628811193263e-02
4.055457907194847707e+06 2.442417711625921584e-02
3.743917310887875967e+06 2.254791096211761214e-02
3.456309287762125488e+06 2.081577922088229116e-02
3.190795335658118594e+06 1.921670675565678721e-02
2.945678186297288164e+06 1.774047943986545306e-02
2.719390955684095155e+06 1.637765374523780793e-02
2.510487127975124400e+06 1.511952341640210307e-02
2.317631308788150549e+06 1.395803772268067178e-02
2.139590688842719886e+06 1.288578024171727066e-02
1.975227163364539854e+06 1.189589312557615131e-02
1.823490056877847295e+06 1.098205080565151093e-02
1.683409406879803631e+06 1.013840803634025178e-02
1.554089763463540934e+06 9.359574145399562894e-03
1.434704465254666517e+06 8.640572152216918766e-03
1.324490355070772348e+06 7.976802663453241848e-03
1.222742901524398476e+06 7.364023454819346171e-03
1.128811695384838153e+06 6.798318358725907729e-03
1.042096291909789201e+06 6.276071739439004205e-03
9.620423725694142049e+05 5.793943232749398931e-03
8.276469051906362874e+05 4.984540577698481911e-03
7.080612487453693757e+05 4.264329787499576696e-03
6.057543728256595787e+05 3.648183008651884052e-03
5.182296882474431186e+05 3.121061275836112259e-03
4.433513348459744011e+05 2.670103368744847216e-03
3.792920601952355355e+05 2.284303307151347440e-03
3.244886292653784039e+05 1.954247366898975713e-03
2.776036768824693863e+05 1.671880455355712058e-03
2.374930720781619311e+05 1.430312647566545081e-03
2.054509227963624580e+05 1.198415175025502322e-03
1.781923949151085399e+05 9.995223074930059681e-04
1.545793319793306582e+05 8.335928648457446855e-04
1.341210074275852239e+05 6.951712288998379563e-04
1.163931139766299311e+05 5.797028814389371121e-04
1.010287321641220187e+05 4.833875828522682383e-04
8.771053185646438214e+04 4.030521634124095698e-04
7.616403781349533529e+04 3.360491438468837799e-04
6.421188529125322384e+04 5.673406248457545098e-04
5.261304702787471615e+04 3.122820780845358968e-04
4.327826615882987244e+04 2.947977991425432265e-04
3.572777720122876053e+04 2.130060538450065377e-04
2.959275194903388183e+04 2.862755110757159334e-04
2.458719386700735777e+04 3.071671580458170021e-04
2.048764583836998281e+04 2.126760154175970710e-05
1.711833022973289189e+04 2.236924655143643055e-04
1.434013548784585873e+04 2.076273722195765004e-04
1.204236382157017943e+04 5.784630448257832569e-10
1.013648875591875367e+04 1.344916080180102449e-04
8.551392053473662600e+03 4.965115294908173382e-06
7.229701817051555736e+03 7.740725794518437644e-05
6.124955574306515700e+03 2.357738764903244324e-05
5.199391538521682378e+03 1.856868584582116455e-05
4.422216239127569679e+03 3.715528209329141320e-06
3.768239768560671109e+03 4.824593224839190952e-05
3.216795486157967389e+03 1.504862340516652784e-05
2.750880435731819489e+03 3.170210514413661807e-05
2.356469077653804561e+03 1.426226299372501671e-05
2.021962831303314942e+03 4.795928589373943396e-06
1.737747263667399920e+03 2.170216109181549529e-05
1.495834406382830593e+03 7.253695912368129939e-06
1.289573124499870573e+03 3.292262142912254387e-06
1.113413689485527811e+03 7.522244445322504329e-07
9.627160276556219287e+02 8.034857047362181626e-06
8.335930174567786253e+02 5.188402269595826510e-06
7.227821286156939777e+02 9.848312760812207955e-06
6.275400462683833211e+02 3.860002367707460663e-06
5.455559112999392255e+02 2.650541773618897423e-06
4.748797787059464781e+02 5.177566302834983201e-06
4.138634463430835808e+02 5.088393301371892788e-06
3.611114781058722656e+02 3.458977137887425207e-06
3.154405151463213883e+02 1.363585857590290275e-06
2.758454567827786263e+02 3.388974846529890783e-06
2.414712755068603656e+02 7.100252497393365033e-07
2.115894975692705202e+02 2.680129540522102616e-06
1.855785246301979043e+02 2.024423821467280504e-06
1.629071604965307642e+02 9.980257028290858779e-07
1.431207783010263483e+02 5.841564578084533195e-07
1.258296341332431041e+02 5.358458565751789138e-09
1.106993969027255673e+02 6.539869662371577380e-07
9.744223947590749901e+01 6.029922198551702117e-07
8.581049400860203491e+01 1.079755548971661483e-06
7.559039648464474226e+01 9.888158984949768637e-07
6.659709714123761159e+01 9.854913258777742158e-07
5.867033002972281963e+01 6.953783359515788547e-07
5.167065083316896335e+01 1.957545237019076012e-11
4.547612107436795981e+01 6.525338837841442292e-07
3.997927174542580531e+01 1.563269045873596084e-07
3.508412219092045348e+01 4.852937323107653356e-07
3.070289888737585926e+01 3.996941488651400894e-07
2.675166062632089847e+01 3.596006159512511116e-07
2.314285969039450208e+01 1.207973655527361608e-07
1.976871385970983752e+01 2.562165493201826652e-07
1.645057040359924727e+01 1.880740043626266980e-07
1.269258361572893357e+01 1.434232977806447203e-07
0.000000000000000000e+00 0.000000000000000000e+00
