0.000000000000000000e+00 0.000000000000000000e+00
6.142817988228434324e+07 7.332630824441821460e-02
5.670926225854891539e+07 6.769337689667054292e-02
5.235285225887585431e+07 6.249318134257464408e-02
4.833110201899169385e+07 5.769240509761175417e-02
4.461830294975295663e+07 5.326051799193010083e-02
4.119072139786202461e+07 4.916901411900198582e-02
3.802644693113958091e+07 4.539185092804132182e-02
3.510525227853447199e+07 4.190484952897577386e-02
3.240846402955316752e+07 3.868572728683261630e-02
2.991884326656912267e+07 3.571387369026979286e-02
2.762047536696761474e+07 3.297033570612484255e-02
2.549866827069838345e+07 3.043756518124496324e-02
2.353985856292315200e+07 2.809932885233479283e-02
2.173152477140131593e+07 2.594074494378162399e-02
2.006210732437741756e+07 2.394796581455693740e-02
1.852093465731002390e+07 2.210828098665729158e-02
1.709815499608750269e+07 2.040992528267793205e-02
1.578467338066256046e+07 1.884202290887060371e-02
1.457209352653607726e+07 1.739458118267123155e-02
1.345266415244643018e+07 1.605834621607016288e-02
1.241922943116990104e+07 1.482474430723357273e-02
1.146518324669451453e+07 1.368589501468875369e-02
1.058442696536139213e+07 1.263454251180462506e-02
9.771330451030371711e+06 1.166395519478413689e-02
8.406294398230154067e+06 1.003452452768271996e-02
7.191679533388759010e+06 8.584649850924108705e-03
6.152562836944168434e+06 7.344259810693642976e-03
5.263586800107236952e+06 6.283099406203973558e-03
4.503057788520492613e+06 5.375265056422051657e-03
3.852416653667026665e+06 4.598597940745463575e-03
3.295785834968638606e+06 3.934152226644727079e-03
2.819581900530010462e+06 3.365710184837666930e-03
2.412184071381590795e+06 2.879402747053561029e-03
2.096263323799098609e+06 2.409833061031818602e-03
1.828578741269298363e+06 2.007107890840131859e-03
1.595702874394658720e+06 1.671589511143878326e-03
1.393050937669554492e+06 1.392074355291761378e-03
1.216647849298864137e+06 1.159229694290608847e-03
1.063046537133723963e+06 9.652745476760316024e-04
9.292572580457533477e+05 8.037223652603842083e-04
8.126864383648630464e+05 6.691691227227458683e-04
6.966589536413564347e+05 1.019005419220775366e-02
5.860574000983374426e+05 3.090222482569515705e-03
4.948324651741894195e+05 2.172485750634223223e-03
4.192404392109229811e+05 4.314752120990306139e-03
3.563510863813326578e+05 2.326315792743116617e-03
3.038300339824195253e+05 4.420869903367714848e-03
2.598013378148049524e+05 3.621607902459800243e-09
2.228050256589602504e+05 3.256866242736577988e-03
1.915902256997530058e+05 7.639634041625466276e-04
1.651850506579562498e+05 3.084135241806507111e-04
1.427855979805167881e+05 1.115755859351259816e-04
1.237329525514314300e+05 9.173069813249142349e-04
1.074849793635200476e+05 1.519082954137194758e-03
9.359404598848265596e+04 4.089757905410117828e-04
8.168932667104819848e+04 3.533961717039346695e-06
7.146267144979778095e+04 5.293998401612043381e-04
6.265726399795373436e+04 4.165297324475506456e-04
5.505847797524756606e+04 3.266519260288524087e-04
4.848647305008478725e+04 6.458108336997018563e-04
4.279017840013224486e+04 2.474960056133568287e-04
3.784238473280934704e+04 4.166249535578446517e-04
3.353572632517405145e+04 1.141966244318044429e-04
2.977938406418138038e+04 4.896050691007632506e-05
2.649636839715149108e+04 3.905345955784239251e-04
2.362127672757578330e+04 1.986273985642570588e-04
2.109843608711393244e+04 3.918876245734281838e-05
1.888036060432968588e+04 2.396474119450431317e-04
1.692647031146009613e+04 2.469989885867107660e-04
1.520201874495386073e+04 2.347734516661148518e-05
1.367719999419936357e+04 7.563658073195256293e-05
1.232639853203787061e+04 6.111607941070105326e-05
1.112756048376502258e+04 1.606899149919627234e-04
1.006166462950487949e+04 7.069444109220057726e-05
9.112275700860776851e+03 1.030359562719240785e-04
8.265138394575807979e+03 3.136604937026277184e-05
7.508010076603015477e+03 9.857073965776019754e-05
6.830087685733248691e+03 8.747586707613663748e-05
6.222081781112104181e+03 2.272700340645225896e-05
5.675869999748641931e+03 3.929043344494566456e-05
5.184361371591577154e+03 1.542194917686801753e-05
4.741354440581023482e+03 3.180378098477376625e-05
4.341416031658376596e+03 4.510207047949703796e-06
3.979777160768125214e+03 5.867131358172628097e-05
3.652243608889685675e+03 2.845971084752818570e-05
3.355118621570030882e+03 3.254373945105369583e-05
3.085135902474582053e+03 4.226114015182247385e-05
2.839400706560622439e+03 3.121613332672015502e-05
2.615337511058329710e+03 2.321189640497323126e-07
2.410642839830608409e+03 1.747039369618403194e-05
2.223237765843672150e+03 2.762794474620022811e-05
2.051221174617149245e+03 2.745839310591691174e-05
1.892810797711061696e+03 1.239584816413932399e-05
1.746257419147272230e+03 2.568554032222891692e-05
1.609685497784818608e+03 7.890354481787653640e-06
1.480713867613377033e+03 8.913315668308340685e-06
1.355243727374062473e+03 8.714346904525882564e-06
1.221247888517237470e+03 6.442178573706769384e-06
0.000000000000000000e+00 0.000000000000000000e+00
