0.000000000000000000e+00 0.000000000000000000e+00
3.677919406449852249e+04 5.765175507179559622e-07
3.663946954408931197e+04 5.743287314168010749e-07
3.650027583850899100e+04 5.721480553118329926e-07
3.636161093118677672e+04 5.700063763006135709e-07
3.622347281321288028e+04 5.678060058453282544e-07
3.608585948330938845e+04 5.656738166041896942e-07
3.594876894780126167e+04 5.635264526421962517e-07
3.581219922058744123e+04 5.613750107633791453e-07
3.567614832311207283e+04 5.592371278631547149e-07
3.554061428433589026e+04 5.571088563232490243e-07
3.540559514070757723e+04 5.549874015318978504e-07
3.527108893613544205e+04 5.528765395033247154e-07
3.513709372195892502e+04 5.508018076985643496e-07
3.500360755692049133e+04 5.486751291031849442e-07
3.487062850713746593e+04 5.466360098772826692e-07
3.473815464607396279e+04 5.445162650601076404e-07
3.460618405451311992e+04 5.424541988461456521e-07
3.447471482052907959e+04 5.403819347288979502e-07
3.434374503945950710e+04 5.383544095863279644e-07
3.421327281387785479e+04 5.363231910457399998e-07
3.408329625356593169e+04 5.342751756721303424e-07
3.395381347548646590e+04 5.322586178104632415e-07
3.382482260375592887e+04 5.301958061927625199e-07
3.369632176961725781e+04 5.282221045149748662e-07
3.128196388540184853e+04 4.903704423214749752e-07
2.887888095234478169e+04 4.526580864201712462e-07
2.666040303974951530e+04 4.179190830760903808e-07
2.461234877538336514e+04 3.857999304086867642e-07
2.272162620114714082e+04 3.561573911591009445e-07
2.097614908419541098e+04 3.288022560454101351e-07
1.936475965704329428e+04 3.035528409259247162e-07
1.787715729278415893e+04 2.802287397060676533e-07
1.650383265948278131e+04 2.587092603504800858e-07
1.453026122042359748e+04 2.212900920370991509e-07
1.266237520924993441e+04 1.861658072955206522e-07
1.103563847363730383e+04 1.566006380608435389e-07
9.618800522384826763e+03 1.317338492140378292e-07
8.384674124206778288e+03 1.108068607169089559e-07
7.309605424932972710e+03 9.320385491781019160e-08
6.373013349372091398e+03 7.839311350369901343e-08
5.556989206895889765e+03 6.592549616239382071e-08
4.845948612586807940e+03 5.544452096268095986e-08
4.226328871596000681e+03 4.662414686642558925e-08
3.686325873880046402e+03 3.920714007426238934e-08
3.015855168161937854e+03 2.473737155067807277e-05
2.430027359304943275e+03 1.721003354759886861e-05
1.966453182077982319e+03 1.867201694949471857e-05
1.597553813358709931e+03 1.750765331320902618e-11
1.302508556604953583e+03 1.807181456570106093e-05
1.065451001446974942e+03 2.251195382996229455e-06
8.741895970537548237e+02 1.067253924125211029e-11
7.192870900006100783e+02 3.715934440151613671e-06
5.933894633383006294e+02 4.469553411768306352e-07
4.907318700456597185e+02 3.565944331253660118e-06
4.067703165052426471e+02 1.832770122009170282e-06
3.379053346283719179e+02 3.180616658937651664e-09
2.812725969109877724e+02 1.230072570092257672e-06
2.345831217877322956e+02 2.141896671276566504e-06
1.959328641349449924e+02 2.085442929455894046e-12
1.640464640381069898e+02 1.587763478028136888e-06
1.375262513277115204e+02 5.480019638071098598e-07
1.154718721493839126e+02 7.690168549019631494e-07
9.709641750771592683e+01 1.014785269148887892e-06
8.175844625904333896e+01 7.315878039459820916e-07
6.893371142835506760e+01 6.493820399177026467e-07
5.819267703446550399e+01 8.019593877861552755e-08
4.918257091492768041e+01 5.194920049689244479e-09
4.161301095711042564e+01 5.097938937730119567e-07
3.524445639350126669e+01 2.923073125771225023e-07
2.987890110482585015e+01 4.063907599364324856e-07
2.535234831295826652e+01 3.003177270241126906e-07
2.152871437325507031e+01 2.879318401483033085e-07
1.829487822947495346e+01 1.986097918071916268e-13
1.555661944208042691e+01 7.105427357601001859e-14
1.323537228390028098e+01 7.194705182602383225e-08
1.126543258209478005e+01 2.966983103647180542e-09
9.592001820642986232e+00 1.173065604951392750e-07
8.168898385571665699e+00 9.061569340836429199e-08
6.957526276267429921e+00 8.149652508393501193e-08
5.925406265575275278e+00 7.125165435439839712e-08
5.045379710550911945e+00 5.773159728050814010e-14
4.293868305061117496e+00 5.087666672940894177e-08
3.653455597340920846e+00 4.263256414560601115e-14
3.103039150707398441e+00 1.750402978117904240e-08
2.633189208334497877e+00 2.409915467183054716e-08
2.230612171409809719e+00 2.750973893128616510e-08
1.885286016829500033e+00 4.350401882501705492e-10
1.588677772146749545e+00 8.573296446270940203e-09
1.333500200844026651e+00 1.203058164200854208e-08
1.113502165971731239e+00 4.890903675454902258e-09
9.232835979164560891e-01 9.802108014156374338e-09
7.581236464231398964e-01 1.353437317774819348e-08
6.138050913405889153e-01 5.646429435124389329e-09
4.864021421905028730e-01 1.480131275096443396e-08
3.719530269768436259e-01 1.305493005738734009e-08
2.657814936905181225e-01 8.813239582854469443e-09
1.605428710880717202e-01 8.946840611730704329e-09
3.723846413092024576e-02 1.384075449389898793e-08
0.000000000000000000e+00 0.000000000000000000e+00
