0.000000000000000000e+00 0.000000000000000000e+00
8.320175017850125732e+04 5.827166188537846736e-05
8.288566591030030395e+04 5.805026484168029910e-05
8.257078244934667600e+04 5.782973667062263345e-05
8.225709523376180732e+04 5.761000277426653327e-05
8.194459971899777884e+04 5.739113656400007812e-05
8.163329137777139840e+04 5.717316418868412242e-05
8.132316569999876083e+04 5.695596691474014150e-05
8.101421819272972061e+04 5.673952034629392571e-05
8.070644438008294674e+04 5.652402481637341936e-05
8.039983980318102113e+04 5.630927112887373909e-05
8.009440002008579904e+04 5.609534779937863647e-05
7.979012060573419149e+04 5.588223027425121003e-05
7.948699715187388938e+04 5.566990640176738836e-05
7.918502526699959708e+04 5.545843782184256554e-05
7.888420057628944051e+04 5.524774895598882907e-05
7.858451872154141893e+04 5.503783493315816955e-05
7.828597536111051159e+04 5.482874831397310800e-05
7.798856616984560969e+04 5.462045351029010121e-05
7.769228683902682678e+04 5.441298494396340502e-05
7.739713307630323106e+04 5.420626343666246072e-05
7.710310060563054867e+04 5.400026219232190172e-05
7.681018516720924526e+04 5.379521343862325722e-05
7.651838251742279681e+04 5.359088081252627589e-05
7.622768842877620773e+04 5.338723517311905198e-05
7.076593738627890707e+04 4.956205841799565803e-05
6.532969249456634861e+04 4.575464854938982029e-05
6.031106036422168836e+04 4.223974854211665075e-05
5.567795994997721573e+04 3.899492572523310940e-05
5.140077467499309569e+04 3.599934083153844000e-05
4.745216311019839486e+04 3.323381715714113227e-05
4.380688419725991116e+04 3.068082671073280032e-05
4.044163589793657593e+04 2.832393216953277282e-05
3.733490623840289481e+04 2.614806380840661859e-05
3.288811484718434804e+04 2.237675230185032227e-05
2.867961931806365465e+04 1.883510668915233666e-05
2.501239277621102883e+04 1.585321432254205298e-05
2.181651659235517582e+04 1.334272270543668260e-05
1.903113819424200847e+04 1.122922756537081401e-05
1.660329159608042028e+04 9.450031950283821480e-06
1.448687182553175444e+04 7.952346353354289299e-06
1.264174311503272111e+04 6.691682168338819459e-06
1.103296336430346855e+04 5.630556822011634210e-06
9.630109674030016322e+03 4.737488436948322779e-06
8.406691742598924975e+03 3.985848152823767698e-06
6.912090557336505299e+03 7.883281759971447330e-05
5.603685097812925960e+03 4.125712535352085925e-05
4.562103063621882939e+03 3.503092745617191546e-05
3.728389286453375917e+03 1.567519174505273912e-05
3.057770042712889335e+03 2.217110159108415246e-05
2.515928755300893499e+03 2.835713530657812953e-08
2.076349382824609620e+03 2.017690069410242246e-05
1.718394545927713352e+03 1.978017667173900631e-05
1.425897490828201398e+03 5.641147708956850693e-06
1.186119128095881933e+03 1.055732343836777431e-05
9.889674379788347096e+02 2.890733242490157008e-06
8.264084926946804899e+02 1.091958676836621034e-05
6.920179772748801952e+02 8.382750820601359010e-06
5.806373705302792132e+02 6.380208861234137885e-12
4.881089307094404717e+02 7.151175793751463061e-06
4.110690754447140307e+02 7.833048186359041487e-07
3.467880771001495646e+02 1.213023566024221976e-06
2.930434879184762735e+02 3.707397844577808269e-06
2.480205912829489989e+02 1.758542226297266899e-06
2.102334907712883307e+02 2.534161793723852355e-06
1.784623437299977695e+02 1.936734577157039894e-06
1.517032297025535001e+02 8.050704991546808742e-09
1.291279807130390793e+02 6.387940061358676758e-07
1.100518674927595413e+02 4.825837892727020498e-07
9.390753940513627640e+01 1.211655267027722563e-06
8.022393229398811343e+01 9.396466112156495740e-07
6.860915193706698290e+01 4.151138739416637691e-07
5.873654832154572603e+01 7.174111595000319628e-07
5.033335361562178178e+01 1.862845931835113121e-07
4.317139045551914478e+01 1.058684823371565217e-08
3.705945592776329534e+01 1.331055843872314621e-07
3.183706389743892018e+01 2.067033468269456991e-07
2.736929317654607274e+01 2.894055555202612595e-07
2.354253540598211458e+01 9.214501162091437436e-08
2.026098722161056997e+01 2.381917623037240747e-08
1.744372835103224872e+01 2.519287399719915738e-07
1.502231655298551871e+01 2.079135814625487910e-07
1.293877363600321218e+01 1.696953795260469633e-07
1.114391319633491406e+01 1.276877021894051722e-07
9.595943546847085059e+00 7.570935167677816935e-08
8.259298338417458751e+00 4.791922769697976037e-08
7.103656206299622689e+00 3.400553882926260485e-08
6.103114241274029794e+00 6.124468327809098009e-08
5.235488627271796425e+00 1.320079334732326970e-08
4.481717111438755730e+00 6.604582249135634569e-08
3.825340622555732484e+00 4.366171379999173041e-08
3.252039217195619170e+00 4.583444734862496261e-08
2.749193553646041455e+00 5.091239666320369625e-09
2.305423538087061797e+00 2.418415023797138019e-08
1.910009336324686169e+00 1.862715425308619333e-08
1.551962938060899910e+00 2.192695376319572715e-08
1.218046896636665322e+00 1.949512269652671619e-09
8.869570175027519099e-01 9.844948749455906256e-15
5.021219812518956660e-01 1.036287025241181122e-08
0.000000000000000000e+00 0.000000000000000000e+00
