1.000000000000000021e-02 -2.500000000000000000e+00 -2.345751358065410130e+00
1.000000000000000021e-02 -1.500000000000000000e+00 -1.450836738928000580e+00
1.000000000000000021e-02 -5.000000000000002220e-01 -6.283157770295098032e-01
1.000000000000000021e-02 4.999999999999995559e-01 6.621798469000523824e-01
6.066666666666666874e-01 -2.500000000000000000e+00 -1.945879551268022034e+00
6.066666666666666874e-01 -1.500000000000000000e+00 -9.628935734347192632e-01
6.066666666666666874e-01 -5.000000000000002220e-01 -8.073207019142039642e-02
6.066666666666666874e-01 4.999999999999995559e-01 1.153581181122778743e+00
1.203333333333333366e+00 -2.500000000000000000e+00 -1.535926411209128872e+00
1.203333333333333366e+00 -1.500000000000000000e+00 -5.022158777845388000e-01
1.203333333333333366e+00 -5.000000000000002220e-01 3.968618426573800040e-01
1.203333333333333366e+00 4.999999999999995559e-01 1.670677601801428658e+00
1.800000000000000044e+00 -2.500000000000000000e+00 -1.121630061441376780e+00
1.800000000000000044e+00 -1.500000000000000000e+00 -7.873492751423691316e-02
1.800000000000000044e+00 -5.000000000000002220e-01 8.314427886537252288e-01
1.800000000000000044e+00 4.999999999999995559e-01 2.413572896183739047e+00
