#SFR assuming the universal, Kroupa (2001) IMF (SFR_K01)
#and the corresponding correction factors (K_K01-IGIMF3) used to correct that SFR for the environment dependent IMF
#(described by the IGIMF3 model) for several metallicity ([Fe/H]) values;
#as shown in Fig. 2 in Chruslinska, M., Jerabkova, T., Nelemans, G., Yan, Z., 2020, A&A 
#col.1: [Fe/H], col.2: log10(SFR_K01 [Msun/yr]), col.3: log10(K_K01IGIMF3) 
1 -3.3 1.229959428242497
1 -3.277926421404682 1.2218117528827765
1 -3.2558528428093645 1.2137304049827056
1 -3.233779264214047 1.2057119419532973
1 -3.2117056856187287 1.1977529212055664
1 -3.189632107023411 1.189849900150528
1 -3.1675585284280934 1.1819994361991952
1 -3.1454849498327757 1.1741980867625832
1 -3.123411371237458 1.1664424092517058
1 -3.1013377926421404 1.1587289610775777
1 -3.0792642140468227 1.151054021480901
1 -3.057190635451505 1.1434126766067594
1 -3.035117056856187 1.1357996927908123
1 -3.0130434782608693 1.128209836364967
1 -2.9909698996655516 1.120637873661131
1 -2.968896321070234 1.113078571011211
1 -2.9468227424749163 1.1055268415750656
1 -2.9247491638795986 1.0979792098656527
1 -2.902675585284281 1.0904331963481873
1 -2.880602006688963 1.0828863362325478
1 -2.858528428093645 1.075336164728615
1 -2.8364548494983275 1.0677802170462676
1 -2.81438127090301 1.0602160283953856
1 -2.792307692307692 1.0526411339858486
1 -2.7702341137123745 1.045053069027536
1 -2.748160535117057 1.0374493687303272
1 -2.7260869565217387 1.029827568304102
1 -2.7040133779264215 1.0221852029587408
1 -2.6819397993311034 1.0145198079041216
1 -2.6598662207357857 1.0068289183501251
1 -2.637792642140468 0.9991100695066308
1 -2.6157190635451504 0.9913608830183284
1 -2.5936454849498327 0.9835808008723372
1 -2.5715719063545146 0.9757709968568158
1 -2.5494983277591974 0.9679327134726502
1 -2.5274247491638793 0.9600671932207256
1 -2.5053511705685616 0.952175678601928
1 -2.483277591973244 0.9442594124732273
1 -2.4612040133779263 0.9363197817805871
1 -2.4391304347826086 0.9283585378518103
1 -2.417056856187291 0.9203774887352192
1 -2.3949832775919733 0.9123784424791349
1 -2.372909698996655 0.9043632071318788
1 -2.3508361204013375 0.8963335907417729
1 -2.32876254180602 0.8882914013571388
1 -2.306688963210702 0.8802384470262976
1 -2.2846153846153845 0.8721765357975713
1 -2.262541806020067 0.8641074757192814
1 -2.240468227424749 0.8560330748397492
1 -2.218394648829431 0.8479551412072964
1 -2.196321070234114 0.8398754828702448
1 -2.1742474916387957 0.8317959078769157
1 -2.152173913043478 0.8237182242756306
1 -2.1301003344481604 0.8156442375881942
1 -2.1080267558528427 0.8075754444707863
1 -2.085953177257525 0.7995127400110561
1 -2.063879598662207 0.7914569499416414
1 -2.0418060200668897 0.7834088999951805
1 -2.0197324414715716 0.7753694159043106
1 -1.997658862876254 0.767339319149674
1 -1.9755852842809363 0.7593191652498759
1 -1.9535117056856186 0.7513090911241722
1 -1.931438127090301 0.7433091969297553
1 -1.909364548494983 0.7353195828238169
1 -1.8872909698996654 0.7273403489635497
1 -1.8652173913043477 0.7193715955061452
1 -1.8431438127090298 0.7114134226087956
1 -1.8210702341137122 0.7034659304286932
1 -1.7989966555183945 0.69552921912303
1 -1.7769230769230768 0.687603388848998
1 -1.754849498327759 0.6796885397637891
1 -1.7327759197324413 0.6717847720245957
1 -1.7107023411371236 0.6638921857886098
1 -1.688628762541806 0.6560108812130233
1 -1.666555183946488 0.6481409584550282
1 -1.6444816053511704 0.6402825176718172
1 -1.6224080267558527 0.6324356096512317
1 -1.600334448160535 0.6246000789811663
1 -1.5782608695652172 0.6167757164234289
1 -1.5561872909698995 0.6089623127396734
1 -1.5341137123745818 0.6011596586915541
1 -1.512040133779264 0.5933675940414831
1 -1.4899665551839463 0.5855866673776384
1 -1.4678929765886286 0.5778179607418544
1 -1.445819397993311 0.5700625692116001
1 -1.423745819397993 0.5623215878643436
1 -1.4016722408026754 0.5545961117775533
1 -1.3795986622073577 0.5468872360286979
1 -1.35752508361204 0.5391960556952458
1 -1.3354515050167222 0.5315236658546652
1 -1.3133779264214045 0.5238711615844247
1 -1.2913043478260868 0.5162396379619927
1 -1.2692307692307692 0.5086301900648379
1 -1.2471571906354515 0.5010439129704286
1 -1.2250836120401338 0.4934819017562332
1 -1.2030100334448157 0.4859452514997201
1 -1.180936454849498 0.47843505727835783
1 -1.1588628762541804 0.47095240529825266
1 -1.1367892976588627 0.4634980172880574
1 -1.114715719063545 0.45607212984367185
1 -1.0926421404682274 0.4486749459383119
1 -1.0705685618729097 0.44130666854519374
1 -1.0484949832775916 0.433967499163718
1 -1.026421404682274 0.426656984678777
1 -1.0043478260869563 0.41937299062992606
1 -0.9822742474916386 0.4121131163615108
1 -0.9602006688963209 0.404874961217877
1 -0.9381270903010033 0.39765612454337007
1 -0.9160535117056856 0.3904542056823356
1 -0.8939799331103679 0.38326680397911905
1 -0.8719063545150498 0.376091518778066
1 -0.8498327759197322 0.3689259494235222
1 -0.8277591973244145 0.3617676952598331
1 -0.8056856187290968 0.35461435563134436
1 -0.7836120401337792 0.3474635298824013
1 -0.7615384615384615 0.34031281735734975
1 -0.7394648829431438 0.33315981740053513
1 -0.7173913043478257 0.3260021293563029
1 -0.695317725752508 0.31883736184068545
1 -0.6732441471571904 0.3116637671014838
1 -0.6511705685618727 0.30448064876111935
1 -0.629096989966555 0.2972874074698658
1 -0.6070234113712374 0.2900834438779967
1 -0.5849498327759197 0.28286821191439965
1 -0.562876254180602 0.27564239801344803
1 -0.5408026755852839 0.26840792507092004
1 -0.5187290969899663 0.26116677005239564
1 -0.4966555183946486 0.25392090992345406
1 -0.47458193979933094 0.24667232164967468
1 -0.4525083612040133 0.23942298219663688
1 -0.4304347826086956 0.2321748685299201
1 -0.40836120401337794 0.22492995761510365
1 -0.38628762541805983 0.21769022641776692
1 -0.36421404682274217 0.21045765190348956
1 -0.3421404682274245 0.20323421103785083
1 -0.32006688963210683 0.1960218807864302
1 -0.29799331103678917 0.18882263811480693
1 -0.27591973244147144 0.18163845998856062
1 -0.2538461538461538 0.17447132337327054
1 -0.2317725752508362 0.16732320356193456
1 -0.20969899665551808 0.1601956820980855
1 -0.18762541806020036 0.15308944195963914
1 -0.16555183946488272 0.14600504137197556
1 -0.14347826086956508 0.13894303856047474
1 -0.12140468227424736 0.13190384693346696
1 -0.09933110367892972 0.12488693459480717
1 -0.07725752508361207 0.11789139035957723
1 -0.055183946488293965 0.11091630202305684
1 -0.03311036789297629 0.10396075738052613
1 -0.011036789297658616 0.09702384422726482
1 0.011036789297659035 0.09010465035855272
1 0.03311036789297669 0.08320226356966975
1 0.05518394648829442 0.07631577165589577
1 0.07725752508361201 0.06944426241251062
1 0.09933110367892971 0.06258682363479413
1 0.12140468227424785 0.05574254311802607
1 0.14347826086956547 0.04891050865748654
1 0.16555183946488317 0.04208980804845526
1 0.1876254180602008 0.03527952908621211
1 0.2096989966555185 0.028478759566036932
1 0.2317725752508362 0.021686607634774174
1 0.25384615384615383 0.014902623441090335
1 0.27591973244147194 0.008126785112309964
1 0.2979933110367896 0.001359088321776017
1 0.3200668896321073 -0.005400441064478623
1 0.342140468227425 -0.01215132670794522
1 0.36421404682274267 -0.018892746159005144
1 0.3862876254180603 -0.025623868103100036
1 0.40836120401337794 -0.03234386122567168
1 0.4304347826086956 -0.039051894212161584
1 0.4525083612040137 -0.045747135748011605
1 0.4745819397993314 -0.05242875451866311
1 0.49665551839464905 -0.05909591920955792
1 0.5187290969899667 -0.06574779850613764
1 0.5408026755852844 -0.07238356109384392
1 0.562876254180602 -0.07900237565811843
1 0.5849498327759197 -0.08560341088440285
1 0.6070234113712378 -0.09218583545813891
1 0.6290969899665555 -0.09874881806476801
1 0.6511705685618732 -0.10529152738973196
1 0.6732441471571908 -0.11181313219353674
1 0.6953177257525085 -0.11831284588201221
1 0.7173913043478262 -0.12479000182398456
1 0.7394648829431443 -0.1312439533301495
1 0.7615384615384615 -0.1376740944408544
1 0.7836120401337796 -0.14408020324031467
1 0.8056856187290968 -0.15046226881817426
1 0.8277591973244149 -0.1568202824451904
1 0.8498327759197322 -0.16315423539211937
1 0.8719063545150503 -0.1694641189297185
1 0.8939799331103684 -0.17574992432874426
1 0.9160535117056856 -0.18201164285995314
1 0.9381270903010037 -0.18824926579410242
1 0.9602006688963209 -0.1944627844019484
1 0.982274247491639 -0.20065218995424827
1 1.0043478260869563 -0.2068174737217584
1 1.0264214046822744 -0.21295862697523593
1 1.0484949832775925 -0.21907564098543758
1 1.0705685618729097 -0.2251685070231196
1 1.0926421404682278 -0.2312372163590394
1 1.114715719063545 -0.2372817626345725
1 1.1367892976588632 -0.2433023456472959
1 1.1588628762541804 -0.24929952819375512
1 1.1809364548494985 -0.2552739036185011
1 1.2030100334448166 -0.26122573990736
1 1.2250836120401338 -0.2671548310938744
1 1.247157190635452 -0.27306093379375607
1 1.2692307692307692 -0.27894380462271595
1 1.2913043478260873 -0.2848032001964659
1 1.3133779264214045 -0.2906388771307167
1 1.3354515050167226 -0.2964505920411802
1 1.3575250836120407 -0.3022381015435675
1 1.379598662207358 -0.30800116225358987
1 1.401672240802676 -0.31373953078695876
1 1.4237458193979933 -0.31945296375938537
1 1.4458193979933114 -0.32514121778658145
1 1.4678929765886286 -0.33080404948425773
1 1.4899665551839467 -0.33644121546812605
1 1.512040133779264 -0.3420524723538976
1 1.534113712374582 -0.34763757664722855
1 1.5561872909699002 -0.3531960072036781
1 1.5782608695652174 -0.35872636597847196
1 1.6003344481605355 -0.36422709426541444
1 1.6224080267558527 -0.3696969451819454
1 1.6444816053511708 -0.3751350044781822
1 1.666555183946488 -0.3805403741053649
1 1.6886287625418062 -0.38591215601473416
1 1.7107023411371243 -0.39124945215753026
1 1.7327759197324415 -0.3965513644849932
1 1.7548494983277596 -0.401816994948364
1 1.7769230769230768 -0.4070454454988821
1 1.798996655518395 -0.41223581808778875
1 1.8210702341137122 -0.4173872146663238
1 1.8431438127090303 -0.4224987371857279
1 1.8652173913043484 -0.42756948759724117
1 1.8872909698996656 -0.4325985678521039
1 1.9093645484949837 -0.43758507990155676
1 1.931438127090301 -0.44252812569683975
1 1.953511705685619 -0.4474268190733371
1 1.9755852842809363 -0.45228071507257617
1 1.9976588628762544 -0.4570899291985374
1 2.0197324414715725 -0.46185455157218264
1 2.0418060200668897 -0.46657457320054907
1 2.063879598662208 -0.4712499761531713
1 2.085953177257525 -0.4758807424995835
1 2.108026755852843 -0.4804668543093208
1 2.1301003344481604 -0.4850082936519172
1 2.1521739130434785 -0.4895050425969075
1 2.1742474916387957 -0.493957083213826
1 2.196321070234114 -0.4983643975722073
1 2.218394648829432 -0.5027269677415859
1 2.240468227424749 -0.5070447757914962
1 2.2625418060200673 -0.5113178037914728
1 2.2846153846153845 -0.5155460338110502
1 2.3066889632107026 -0.5197294479197633
1 2.32876254180602 -0.5238680281871457
1 2.350836120401338 -0.5279617606980981
1 2.372909698996656 -0.5320106882160431
1 2.3949832775919733 -0.5360148775317303
1 2.4170568561872914 -0.5399742909636284
1 2.4391304347826086 -0.5438888523931337
1 2.4612040133779267 -0.5477584856458633
1 2.483277591973244 -0.5515831145474326
1 2.505351170568562 -0.5553626629234583
1 2.52742474916388 -0.5590970545995562
1 2.5494983277591974 -0.5627862134013423
1 2.5715719063545155 -0.5664300631544332
1 2.5936454849498327 -0.5700285276844446
1 2.615719063545151 -0.5735815308169931
1 2.637792642140468 -0.5770889963776943
1 2.659866220735786 -0.5805508481921647
1 2.6819397993311034 -0.5839670100860205
1 2.7040133779264215 -0.5873374058848777
1 2.7260869565217396 -0.5906619363614197
1 2.748160535117057 -0.5939401916833418
1 2.770234113712375 -0.5971717258935233
1 2.792307692307692 -0.6003566171972313
1 2.8143812709030103 -0.6034950367967482
1 2.8364548494983275 -0.6065871558943553
1 2.8585284280936456 -0.6096331456923344
1 2.8806020066889637 -0.6126331773929675
1 2.902675585284281 -0.6155874221985361
1 2.924749163879599 -0.6184960513113226
1 2.9468227424749163 -0.6213592359336081
1 2.9688963210702344 -0.6241771472676746
1 2.9909698996655516 -0.626949956515804
1 3.0130434782608697 -0.6296778348802781
1 3.035117056856188 -0.6323609535633785
1 3.057190635451505 -0.6349994837673872
1 3.079264214046823 -0.6375935988503132
1 3.1013377926421404 -0.6401436438516641
1 3.1234113712374585 -0.6426500697759766
1 3.1454849498327757 -0.645112674700669
1 3.167558528428094 -0.6475311021041488
1 3.189632107023412 -0.6499049954648229
1 3.211705685618729 -0.6522339982610987
1 3.2337792642140473 -0.6545177539713833
1 3.2558528428093645 -0.656755906074084
1 3.2779264214046826 -0.6589480980476077
1 3.3 -0.6610939733703617
0 -3.3 1.1911154990752095
0 -3.277926421404682 1.1828265317405433
0 -3.2558528428093645 1.174556470598032
0 -3.233779264214047 1.1663009935544337
0 -3.2117056856187287 1.1580557785165069
0 -3.189632107023411 1.1498165033910097
0 -3.1675585284280934 1.1415788460847007
0 -3.1454849498327757 1.1333384845043382
0 -3.123411371237458 1.1250910965566805
0 -3.1013377926421404 1.116832360148486
0 -3.0792642140468227 1.1085579531865122
0 -3.057190635451505 1.1002635535775187
0 -3.035117056856187 1.091944839228263
0 -3.0130434782608693 1.0835974880455035
0 -2.9909698996655516 1.075217177935999
0 -2.968896321070234 1.0667995868065072
0 -2.9468227424749163 1.0583406689172048
0 -2.9247491638795986 1.0498406455149327
0 -2.902675585284281 1.0413030913869845
0 -2.880602006688963 1.032731671655157
0 -2.858528428093645 1.0241300514412477
0 -2.8364548494983275 1.015501895867055
0 -2.81438127090301 1.0068508700543757
0 -2.792307692307692 0.9981806391250077
0 -2.7702341137123745 0.989494868200748
0 -2.748160535117057 0.9807972224033945
0 -2.7260869565217387 0.9720913668547445
0 -2.7040133779264215 0.9633809666765959
0 -2.6819397993311034 0.9546696869907457
0 -2.6598662207357857 0.9459611929189917
0 -2.637792642140468 0.9372591495831311
0 -2.6157190635451504 0.9285672221049617
0 -2.5936454849498327 0.9198890756062809
0 -2.5715719063545146 0.9112283752088861
0 -2.5494983277591974 0.9025887860345753
0 -2.5274247491638793 0.8939739732051453
0 -2.5053511705685616 0.8853876018423938
0 -2.483277591973244 0.8768333370681186
0 -2.4612040133779263 0.8683148440041172
0 -2.4391304347826086 0.8598356315057306
0 -2.417056856187291 0.8513957556829739
0 -2.3949832775919733 0.8429918966667411
0 -2.372909698996655 0.8346205936771436
0 -2.3508361204013375 0.8262783859342927
0 -2.32876254180602 0.8179618126582995
0 -2.306688963210702 0.8096674130692756
0 -2.2846153846153845 0.8013917263873324
0 -2.262541806020067 0.7931312918325814
0 -2.240468227424749 0.7848826486251331
0 -2.218394648829431 0.7766423359850998
0 -2.196321070234114 0.7684068931325928
0 -2.1742474916387957 0.7601728592877228
0 -2.152173913043478 0.7519367736706017
0 -2.1301003344481604 0.7436951755013408
0 -2.1080267558528427 0.7354446040000513
0 -2.085953177257525 0.7271815983868446
0 -2.063879598662207 0.7189026978818321
0 -2.0418060200668897 0.7106044417051253
0 -2.0197324414715716 0.702283369076835
0 -1.997658862876254 0.6939360192170733
0 -1.9755852842809363 0.6855589313459511
0 -1.9535117056856186 0.6771486446835799
0 -1.931438127090301 0.6687031260852442
0 -1.909364548494983 0.660226716512773
0 -1.8872909698996654 0.6517255351803787
0 -1.8652173913043477 0.6432057013806517
0 -1.8431438127090298 0.6346733344061823
0 -1.8210702341137122 0.6261345535495606
0 -1.7989966555183945 0.617595478103377
0 -1.7769230769230768 0.6090622273602216
0 -1.754849498327759 0.6005409206126845
0 -1.7327759197324413 0.5920376771533561
0 -1.7107023411371236 0.5835586162748269
0 -1.688628762541806 0.5751098572696869
0 -1.666555183946488 0.5666975194305262
0 -1.6444816053511704 0.5583277220499353
0 -1.6224080267558527 0.5500065844205043
0 -1.600334448160535 0.5417402258348235
0 -1.5782608695652172 0.533534765585483
0 -1.5561872909698995 0.5253963229650733
0 -1.5341137123745818 0.5173310172661846
0 -1.512040133779264 0.5093449677814068
0 -1.4899665551839463 0.5014442938033306
0 -1.4678929765886286 0.493635114624546
0 -1.445819397993311 0.4859234072657059
0 -1.423745819397993 0.47830929365586033
0 -1.4016722408026754 0.4707850966526506
0 -1.3795986622073577 0.4633425980006633
0 -1.35752508361204 0.4559735794444852
0 -1.3354515050167222 0.4486698227287029
0 -1.3133779264214045 0.4414231095979034
0 -1.2913043478260868 0.4342252217966733
0 -1.2692307692307692 0.42706794106959917
0 -1.2471571906354515 0.4199430491612679
0 -1.2250836120401338 0.41284232781626595
0 -1.2030100334448157 0.4057575587791802
0 -1.180936454849498 0.3986805237945976
0 -1.1588628762541804 0.39160300460710457
0 -1.1367892976588627 0.3845167829612881
0 -1.114715719063545 0.37741364060173466
0 -1.0926421404682274 0.3702853592730311
0 -1.0705685618729097 0.363123720719764
0 -1.0484949832775916 0.35592050668652014
0 -1.026421404682274 0.3486674989178864
0 -1.0043478260869563 0.3413564791584493
0 -0.9822742474916386 0.33397947305275305
0 -0.9602006688963209 0.3265350413087231
0 -0.9381270903010033 0.3190288392983837
0 -0.9160535117056856 0.31146687845075055
0 -0.8939799331103679 0.3038551701948388
0 -0.8719063545150498 0.29619972595966393
0 -0.8498327759197322 0.2885065571742415
0 -0.8277591973244145 0.2807816752675867
0 -0.8056856187290968 0.27303109166871503
0 -0.7836120401337792 0.26526081780664185
0 -0.7615384615384615 0.25747686511038254
0 -0.7394648829431438 0.2496852450089525
0 -0.7173913043478257 0.24189196893136705
0 -0.695317725752508 0.23410304830664172
0 -0.6732441471571904 0.22632449456379197
0 -0.6511705685618727 0.21856231913183305
0 -0.629096989966555 0.21082253343978033
0 -0.6070234113712374 0.20311114891664928
0 -0.5849498327759197 0.19543417699145524
0 -0.562876254180602 0.18779762909321368
0 -0.5408026755852839 0.1802075166509398
0 -0.5187290969899663 0.1726698510936493
0 -0.4966555183946486 0.1651895231665314
0 -0.47458193979933094 0.15776564093730672
0 -0.4525083612040133 0.15039545274001917
0 -0.4304347826086956 0.14307620602649807
0 -0.40836120401337794 0.13580514824857262
0 -0.38628762541805983 0.128579526858072
0 -0.36421404682274217 0.12139658930682573
0 -0.3421404682274245 0.11425358304666285
0 -0.32006688963210683 0.10714775552941268
0 -0.29799331103678917 0.1000763542069045
0 -0.27591973244147144 0.09303662653096748
0 -0.2538461538461538 0.08602581995343093
0 -0.2317725752508362 0.07904118192612414
0 -0.20969899665551808 0.07207995990087618
0 -0.18762541806020036 0.06513940132951654
0 -0.16555183946488272 0.05821675366387441
0 -0.14347826086956508 0.05130926435577901
0 -0.12140468227424736 0.04441418085705957
0 -0.09933110367892972 0.037528750619545394
0 -0.07725752508361207 0.03065022109506571
0 -0.055183946488293965 0.023775844826871253
0 -0.03311036789297629 0.01690392313612983
0 -0.011036789297658616 0.010035082452607726
0 0.011036789297659035 0.0031702615192903856
0 0.03311036789297669 -0.0036896009208367865
0 0.05518394648829442 -0.010543566124788354
0 0.07725752508361201 -0.017390695349578832
0 0.09933110367892971 -0.024230049852222855
0 0.12140468227424785 -0.03106069088973511
0 0.14347826086956547 -0.03788167971912986
0 0.16555183946488317 -0.04469207759742186
0 0.1876254180602008 -0.05149094578162562
0 0.2096989966555185 -0.05827734552875576
0 0.2317725752508362 -0.06505033809582682
0 0.25384615384615383 -0.07180898473985335
0 0.27591973244147194 -0.07855234671785014
0 0.2979933110367896 -0.08527948528683134
0 0.3200668896321073 -0.09198946170381181
0 0.342140468227425 -0.09868133722580597
0 0.36421404682274267 -0.10535417310982852
0 0.3862876254180603 -0.11200703061289394
0 0.40836120401337794 -0.11863914362810063
0 0.4304347826086956 -0.1252506869022419
0 0.4525083612040137 -0.13184215412985306
0 0.4745819397993314 -0.13841403926247783
0 0.49665551839464905 -0.14496683625166015
0 0.5187290969899667 -0.15150103904894388
0 0.5408026755852844 -0.1580171416058729
0 0.562876254180602 -0.16451563787399107
0 0.5849498327759197 -0.1709970218048423
0 0.6070234113712378 -0.17746178734997048
0 0.6290969899665555 -0.1839104284609194
0 0.6511705685618732 -0.19034343908923282
0 0.6732441471571908 -0.19676131318645482
0 0.6953177257525085 -0.20316454470412917
0 0.7173913043478262 -0.2095536275937997
0 0.7394648829431443 -0.21592905580701047
0 0.7615384615384615 -0.22229132329530493
0 0.7836120401337796 -0.22864092401022743
0 0.8056856187290968 -0.23497835190332145
0 0.8277591973244149 -0.24130410092486418
0 0.8498327759197322 -0.24761832571038628
0 0.8719063545150503 -0.25391988628967144
0 0.8939799331103684 -0.2602073339877411
0 0.9160535117056856 -0.2664792201296165
0 0.9381270903010037 -0.2727340960403196
0 0.9602006688963209 -0.2789705130448717
0 0.982274247491639 -0.2851870224682947
0 1.0043478260869563 -0.2913821756356096
0 1.0264214046822744 -0.29755452387183845
0 1.0484949832775925 -0.30370261850200264
0 1.0705685618729097 -0.3098250108511235
0 1.0926421404682278 -0.31592025224422293
0 1.114715719063545 -0.3219868940063221
0 1.1367892976588632 -0.328023487462443
0 1.1588628762541804 -0.3340285839376067
0 1.1809364548494985 -0.3400007347568353
0 1.2030100334448166 -0.34593849124514997
0 1.2250836120401338 -0.35184040472757216
0 1.247157190635452 -0.3577050265291238
0 1.2692307692307692 -0.36353098125481753
0 1.2913043478260873 -0.3693181697332469
0 1.3133779264214045 -0.37506757612600017
0 1.3354515050167226 -0.38078021897153025
0 1.3575250836120407 -0.38645711680828926
0 1.379598662207358 -0.3920992881747293
0 1.401672240802676 -0.3977077516093033
0 1.4237458193979933 -0.4032835256504632
0 1.4458193979933114 -0.40882762883666185
0 1.4678929765886286 -0.4143410797063511
0 1.4899665551839467 -0.4198248967979838
0 1.512040133779264 -0.42528009865001193
0 1.534113712374582 -0.43070770380088835
0 1.5561872909699002 -0.43610873078906504
0 1.5782608695652174 -0.44148419815299444
0 1.6003344481605355 -0.44683512443112916
0 1.6224080267558527 -0.4521625281619212
0 1.6444816053511708 -0.4574674278838236
0 1.666555183946488 -0.46275084213528794
0 1.6886287625418062 -0.46801361367545624
0 1.7107023411371243 -0.47325535073786473
0 1.7327759197324415 -0.4784751325401471
0 1.7548494983277596 -0.4836720362832614
0 1.7769230769230768 -0.4888451391681654
0 1.798996655518395 -0.49399351839581757
0 1.8210702341137122 -0.49911625116717523
0 1.8431438127090303 -0.5042124146831968
0 1.8652173913043484 -0.5092810861448398
0 1.8872909698996656 -0.5143213427530622
0 1.9093645484949837 -0.5193322617088224
0 1.931438127090301 -0.5243129202130778
0 1.953511705685619 -0.5292623954667867
0 1.9755852842809363 -0.5341797646709067
0 1.9976588628762544 -0.539064105026396
0 2.0197324414715725 -0.5439144937342125
0 2.0418060200668897 -0.5487300079953139
0 2.063879598662208 -0.5535097250106585
0 2.085953177257525 -0.5582527323765141
0 2.108026755852843 -0.5629582712508919
0 2.1301003344481604 -0.5676256999979251
0 2.1521739130434785 -0.5722543799391572
0 2.1742474916387957 -0.5768436723961295
0 2.196321070234114 -0.5813929386903852
0 2.218394648829432 -0.5859015401434666
0 2.240468227424749 -0.590368838076916
0 2.2625418060200673 -0.594794193812276
0 2.2846153846153845 -0.5991769686710889
0 2.3066889632107026 -0.6035165239748976
0 2.32876254180602 -0.6078122210452438
0 2.350836120401338 -0.6120634212036709
0 2.372909698996656 -0.6162694857717207
0 2.3949832775919733 -0.6204297760709359
0 2.4170568561872914 -0.624543653422859
0 2.4391304347826086 -0.6286104791490321
0 2.4612040133779267 -0.6326296145994486
0 2.483277591973244 -0.6366006253235916
0 2.505351170568562 -0.6405237704804343
0 2.52742474916388 -0.6443994563617438
0 2.5494983277591974 -0.6482280892592869
0 2.5715719063545155 -0.6520100754648307
0 2.5936454849498327 -0.6557458212701422
0 2.615719063545151 -0.6594357329669887
0 2.637792642140468 -0.6630802168471369
0 2.659866220735786 -0.6666796792023537
0 2.6819397993311034 -0.6702345263244065
0 2.7040133779264215 -0.6737451645050622
0 2.7260869565217396 -0.6772120000360877
0 2.748160535117057 -0.68063543920925
0 2.770234113712375 -0.6840158883163164
0 2.792307692307692 -0.6873537536490536
0 2.8143812709030103 -0.6906494414992287
0 2.8364548494983275 -0.6939033567113022
0 2.8585284280936456 -0.6971157205728782
0 2.8806020066889637 -0.7002863932487778
0 2.902675585284281 -0.7034151927598365
0 2.924749163879599 -0.7065019371268889
0 2.9468227424749163 -0.7095464443707692
0 2.9688963210702344 -0.7125485325123124
0 2.9909698996655516 -0.7155080195723531
0 3.0130434782608697 -0.7184247235717262
0 3.035117056856188 -0.721298462531266
0 3.057190635451505 -0.7241290544718074
0 3.079264214046823 -0.7269163174141849
0 3.1013377926421404 -0.7296600693792333
0 3.1234113712374585 -0.7323601283877874
0 3.1454849498327757 -0.7350163124606816
0 3.167558528428094 -0.7376284396187509
0 3.189632107023412 -0.7401963279000967
0 3.211705685618729 -0.7427198932229728
0 3.2337792642140473 -0.7451993793308532
0 3.2558528428093645 -0.7476350985208591
0 3.2779264214046826 -0.7500273630901128
0 3.3 -0.7523764853357362
-1 -3.3 1.082333312525745
-1 -3.277926421404682 1.0736637700347385
-1 -3.2558528428093645 1.0650449740813082
-1 -3.233779264214047 1.0564741201165369
-1 -3.2117056856187287 1.0479478251060153
-1 -3.189632107023411 1.0394627060153336
-1 -3.1675585284280934 1.0310153798100827
-1 -3.1454849498327757 1.0226024634558528
-1 -3.123411371237458 1.0142205739182346
-1 -3.1013377926421404 1.0058663281628188
-1 -3.0792642140468227 0.9975363431551955
-1 -3.057190635451505 0.9892272358609556
-1 -3.035117056856187 0.9809356232456893
-1 -3.0130434782608693 0.9726581222749875
-1 -2.9909698996655516 0.9643913499144404
-1 -2.968896321070234 0.9561319231296389
-1 -2.9468227424749163 0.9478764588861736
-1 -2.9247491638795986 0.9396215741496347
-1 -2.902675585284281 0.9313638858856124
-1 -2.880602006688963 0.9231000110596976
-1 -2.858528428093645 0.9148265666374813
-1 -2.8364548494983275 0.9065401695845536
-1 -2.81438127090301 0.8982374368665051
-1 -2.792307692307692 0.8899149854489262
-1 -2.7702341137123745 0.8815695942079628
-1 -2.748160535117057 0.8732007354554971
-1 -2.7260869565217387 0.8648101027620416
-1 -2.7040133779264215 0.856399456072113
-1 -2.6819397993311034 0.8479705553302272
-1 -2.6598662207357857 0.8395251604809013
-1 -2.637792642140468 0.8310650314686513
-1 -2.6157190635451504 0.8225919282379943
-1 -2.5936454849498327 0.8141076107334463
-1 -2.5715719063545146 0.8056138388995236
-1 -2.5494983277591974 0.7971123726807435
-1 -2.5274247491638793 0.7886049720216218
-1 -2.5053511705685616 0.7800933968666754
-1 -2.483277591973244 0.7715794071604207
-1 -2.4612040133779263 0.7630647628473739
-1 -2.4391304347826086 0.754551223872052
-1 -2.417056856187291 0.7460405501789711
-1 -2.3949832775919733 0.7375345017126479
-1 -2.372909698996655 0.7290348384175984
-1 -2.3508361204013375 0.72054332023834
-1 -2.32876254180602 0.7120617071193887
-1 -2.306688963210702 0.7035917590052608
-1 -2.2846153846153845 0.6951352358404734
-1 -2.262541806020067 0.6866937951775923
-1 -2.240468227424749 0.6782682334142633
-1 -2.218394648829431 0.6698589159615624
-1 -2.196321070234114 0.6614662050230636
-1 -2.1742474916387957 0.653090462802339
-1 -2.152173913043478 0.6447320515029622
-1 -2.1301003344481604 0.6363913333285058
-1 -2.1080267558528427 0.6280686704825434
-1 -2.085953177257525 0.6197644251686474
-1 -2.063879598662207 0.6114789595903909
-1 -2.0418060200668897 0.6032126359513473
-1 -2.0197324414715716 0.5949658164550893
-1 -1.997658862876254 0.5867388633051901
-1 -1.9755852842809363 0.5785321387052222
-1 -1.9535117056856186 0.5703460048587593
-1 -1.931438127090301 0.5621808239693741
-1 -1.909364548494983 0.5540369582406394
-1 -1.8872909698996654 0.5459147698761283
-1 -1.8652173913043477 0.5378146210794142
-1 -1.8431438127090298 0.5297368740540696
-1 -1.8210702341137122 0.5216818910036679
-1 -1.7989966555183945 0.5136500341317818
-1 -1.7769230769230768 0.5056416730324574
-1 -1.754849498327759 0.49765764650436395
-1 -1.7327759197324413 0.48969953583510534
-1 -1.7107023411371236 0.4817689879951138
-1 -1.688628762541806 0.4738676499548215
-1 -1.666555183946488 0.4659971686846605
-1 -1.6444816053511704 0.4581591911550634
-1 -1.6224080267558527 0.45035536433646217
-1 -1.600334448160535 0.44258733519928933
-1 -1.5782608695652172 0.4348567507139767
-1 -1.5561872909698995 0.42716525785095677
-1 -1.5341137123745818 0.41951450358066206
-1 -1.512040133779264 0.4119061348735242
-1 -1.4899665551839463 0.4043417986999761
-1 -1.4678929765886286 0.3968231420304494
-1 -1.445819397993311 0.38935181183537665
-1 -1.423745819397993 0.38192945508518994
-1 -1.4016722408026754 0.37455771875032184
-1 -1.3795986622073577 0.3672382498012043
-1 -1.35752508361204 0.35997269520826947
-1 -1.3354515050167222 0.3527627019419499
-1 -1.3133779264214045 0.3456099169726777
-1 -1.2913043478260868 0.33851534799163396
-1 -1.2692307692307692 0.331475961332993
-1 -1.2471571906354515 0.3244871486049979
-1 -1.2250836120401338 0.317544297853077
-1 -1.2030100334448157 0.3106427971226582
-1 -1.180936454849498 0.3037780344591701
-1 -1.1588628762541804 0.2969453979080409
-1 -1.1367892976588627 0.29014027551469856
-1 -1.114715719063545 0.2833580553245714
-1 -1.0926421404682274 0.2765941253830876
-1 -1.0705685618729097 0.2698438737356753
-1 -1.0484949832775916 0.2631026884277626
-1 -1.026421404682274 0.25636595750477803
-1 -1.0043478260869563 0.24962906901214973
-1 -0.9822742474916386 0.2428874109953056
-1 -0.9602006688963209 0.2361363714996742
-1 -0.9381270903010033 0.2293713385706836
-1 -0.9160535117056856 0.22258770025376182
-1 -0.8939799331103679 0.21578084459433727
-1 -0.8719063545150498 0.208946159637838
-1 -0.8498327759197322 0.2020791867527141
-1 -0.8277591973244145 0.19517919887037063
-1 -0.8056856187290968 0.18824931813632276
-1 -0.7836120401337792 0.18129284355644681
-1 -0.7615384615384615 0.17431307413661876
-1 -0.7394648829431438 0.16731330888271467
-1 -0.7173913043478257 0.16029684680061052
-1 -0.695317725752508 0.1532669868961826
-1 -0.6732441471571904 0.14622702817530683
-1 -0.6511705685618727 0.13918026964385935
-1 -0.629096989966555 0.1321300103077162
-1 -0.6070234113712374 0.12507954917275346
-1 -0.5849498327759197 0.11803218524484715
-1 -0.562876254180602 0.1109912175298734
-1 -0.5408026755852839 0.1039599450337081
-1 -0.5187290969899663 0.09694166676222765
-1 -0.4966555183946486 0.08993968172130791
-1 -0.47458193979933094 0.08295728891682504
-1 -0.4525083612040133 0.07599778735465501
-1 -0.4304347826086956 0.06906447604067395
-1 -0.40836120401337794 0.062160653980757936
-1 -0.38628762541805983 0.055289108694683016
-1 -0.36421404682274217 0.04844994110027911
-1 -0.3421404682274245 0.041642373097605365
-1 -0.32006688963210683 0.03486562608498593
-1 -0.29799331103678917 0.02811892146074496
-1 -0.27591973244147144 0.02140148062320651
-1 -0.2538461538461538 0.01471252497069474
-1 -0.2317725752508362 0.008051275901533771
-1 -0.20969899665551808 0.0014169548140475223
-1 -0.18762541806020036 -0.0051912168934395864
-1 -0.16555183946488272 -0.011774017822603552
-1 -0.14347826086956508 -0.01833222657512026
-1 -0.12140468227424736 -0.024866621752665678
-1 -0.09933110367892972 -0.03137798195691558
-1 -0.07725752508361207 -0.03786708578954589
-1 -0.055183946488293965 -0.04433471185223263
-1 -0.03311036789297629 -0.050781638746651446
-1 -0.011036789297658616 -0.05720864507447831
-1 0.011036789297659035 -0.06361650943738914
-1 0.03311036789297669 -0.07000601043705976
-1 0.05518394648829442 -0.07637790280800026
-1 0.07725752508361201 -0.0827327889122378
-1 0.09933110367892971 -0.08907121120167918
-1 0.12140468227424785 -0.09539371198510657
-1 0.14347826086956547 -0.10170083357130147
-1 0.16555183946488317 -0.10799311826904609
-1 0.1876254180602008 -0.1142711083871223
-1 0.2096989966555185 -0.12053534623431207
-1 0.2317725752508362 -0.1267863741193973
-1 0.25384615384615383 -0.1330247343511599
-1 0.27591973244147194 -0.13925096923838204
-1 0.2979933110367896 -0.14546562108984532
-1 0.3200668896321073 -0.15166923221433182
-1 0.342140468227425 -0.15786234492062348
-1 0.36421404682274267 -0.16404550151750216
-1 0.3862876254180603 -0.17021924431374988
-1 0.40836120401337794 -0.17638411561814854
-1 0.4304347826086956 -0.1825406577394802
-1 0.4525083612040137 -0.18868941298652675
-1 0.4745819397993314 -0.19483091931994997
-1 0.49665551839464905 -0.2009651561675722
-1 0.5187290969899667 -0.20709100031913477
-1 0.5408026755852844 -0.21320719934612548
-1 0.562876254180602 -0.21931250082003176
-1 0.5849498327759197 -0.2254056523123414
-1 0.6070234113712378 -0.23148540139454213
-1 0.6290969899665555 -0.23755049563812142
-1 0.6511705685618732 -0.243599682614567
-1 0.6732441471571908 -0.24963170989536654
-1 0.6953177257525085 -0.25564532505200777
-1 0.7173913043478262 -0.2616392756559781
-1 0.7394648829431443 -0.26761230927876567
-1 0.7615384615384615 -0.27356317349185755
-1 0.7836120401337796 -0.27949061586674184
-1 0.8056856187290968 -0.28539338397490577
-1 0.8277591973244149 -0.2912702253878375
-1 0.8498327759197322 -0.29711988767702424
-1 0.8719063545150503 -0.30294111841395405
-1 0.8939799331103684 -0.30873266517011444
-1 0.9160535117056856 -0.31449354570375115
-1 0.9381270903010037 -0.3202240677648984
-1 0.9602006688963209 -0.32592492366120074
-1 0.982274247491639 -0.3315968057664569
-1 1.0043478260869563 -0.33724040645446457
-1 1.0264214046822744 -0.3428564180990225
-1 1.0484949832775925 -0.34844553307392845
-1 1.0705685618729097 -0.35400844375298063
-1 1.0926421404682278 -0.3595458425099777
-1 1.114715719063545 -0.3650584217187171
-1 1.1367892976588632 -0.370546873752998
-1 1.1588628762541804 -0.3760118909866178
-1 1.1809364548494985 -0.3814541657933752
-1 1.2030100334448166 -0.38687439054706824
-1 1.2250836120401338 -0.392273257621495
-1 1.247157190635452 -0.39765145939045404
-1 1.2692307692307692 -0.403009688227743
-1 1.2913043478260873 -0.4083486365071607
-1 1.3133779264214045 -0.41366899482851555
-1 1.3354515050167226 -0.4189710154673937
-1 1.3575250836120407 -0.4242539402492259
-1 1.379598662207358 -0.42951686909739006
-1 1.401672240802676 -0.4347589019352648
-1 1.4237458193979933 -0.43997913868622807
-1 1.4458193979933114 -0.4451766792736581
-1 1.4678929765886286 -0.4503506236209329
-1 1.4899665551839467 -0.455500071651431
-1 1.512040133779264 -0.46062412328853014
-1 1.534113712374582 -0.46572187845560886
-1 1.5561872909699002 -0.4707924370760452
-1 1.5782608695652174 -0.4758348990732171
-1 1.6003344481605355 -0.48084836437050293
-1 1.6224080267558527 -0.48583193289128085
-1 1.6444816053511708 -0.4907847045589291
-1 1.666555183946488 -0.4957057792968256
-1 1.6886287625418062 -0.5005942570283489
-1 1.7107023411371243 -0.5054492376768769
-1 1.7327759197324415 -0.5102699891304123
-1 1.7548494983277596 -0.5150566749478847
-1 1.7769230769230768 -0.5198097560376556
-1 1.798996655518395 -0.5245296935047034
-1 1.8210702341137122 -0.529216948454006
-1 1.8431438127090303 -0.5338719819905422
-1 1.8652173913043484 -0.5384952552192901
-1 1.8872909698996656 -0.5430872292452278
-1 1.9093645484949837 -0.5476483651733337
-1 1.931438127090301 -0.5521791241085859
-1 1.953511705685619 -0.5566799671559634
-1 1.9755852842809363 -0.5611513554204431
-1 1.9976588628762544 -0.5655937500070048
-1 2.0197324414715725 -0.570007612020626
-1 2.0418060200668897 -0.5743934025662847
-1 2.063879598662208 -0.5787515827489598
-1 2.085953177257525 -0.5830826136736291
-1 2.108026755852843 -0.5873869544872659
-1 2.1301003344481604 -0.5916645982981545
-1 2.1521739130434785 -0.5959144722151282
-1 2.1742474916387957 -0.6001353549595173
-1 2.196321070234114 -0.6043260252526527
-1 2.218394648829432 -0.6084852618158645
-1 2.240468227424749 -0.6126118433704836
-1 2.2625418060200673 -0.6167045486378403
-1 2.2846153846153845 -0.6207621563392651
-1 2.3066889632107026 -0.624783445196089
-1 2.32876254180602 -0.628767193929642
-1 2.350836120401338 -0.6327121812612548
-1 2.372909698996656 -0.6366171859122582
-1 2.3949832775919733 -0.6404809866039822
-1 2.4170568561872914 -0.6443023620577579
-1 2.4391304347826086 -0.6480800909949155
-1 2.4612040133779267 -0.6518129521367853
-1 2.483277591973244 -0.6554997242050778
-1 2.505351170568562 -0.6591395328059919
-1 2.52742474916388 -0.6627328484227347
-1 2.5494983277591974 -0.666280467418466
-1 2.5715719063545155 -0.6697831861563456
-1 2.5936454849498327 -0.6732418009995323
-1 2.615719063545151 -0.6766571083111861
-1 2.637792642140468 -0.6800299044544661
-1 2.659866220735786 -0.6833609857925319
-1 2.6819397993311034 -0.6866511486885429
-1 2.7040133779264215 -0.6899011895056589
-1 2.7260869565217396 -0.6931119046070391
-1 2.748160535117057 -0.6962840903558428
-1 2.770234113712375 -0.6994185431152299
-1 2.792307692307692 -0.7025160592483595
-1 2.8143812709030103 -0.7055774351183913
-1 2.8364548494983275 -0.7086034670884844
-1 2.8585284280936456 -0.7115949225944067
-1 2.8806020066889637 -0.714551805660586
-1 2.902675585284281 -0.7174732980747901
-1 2.924749163879599 -0.7203585409120034
-1 2.9468227424749163 -0.7232066752472099
-1 2.9688963210702344 -0.7260168421553944
-1 2.9909698996655516 -0.7287881827115416
-1 3.0130434782608697 -0.7315198379906352
-1 3.035117056856188 -0.7342109490676599
-1 3.057190635451505 -0.7368606570176005
-1 3.079264214046823 -0.7394681029154407
-1 3.1013377926421404 -0.7420324278361653
-1 3.1234113712374585 -0.7445527728547588
-1 3.1454849498327757 -0.7470282790462053
-1 3.167558528428094 -0.7494580874854895
-1 3.189632107023412 -0.7518413392475956
-1 3.211705685618729 -0.7541772102919457
-1 3.2337792642140473 -0.7564658114430782
-1 3.2558528428093645 -0.7587082685399852
-1 3.2779264214046826 -0.7609057583699708
-1 3.3 -0.7630594577203393
-2 -3.3 0.9760996621228767
-2 -3.277926421404682 0.968261444949705
-2 -3.2558528428093645 0.960392734505749
-2 -3.233779264214047 0.9524892940251988
-2 -3.2117056856187287 0.9445468867422437
-2 -3.189632107023411 0.9365612758910736
-2 -3.1675585284280934 0.9285282247058788
-2 -3.1454849498327757 0.9204434964208483
-2 -3.123411371237458 0.9123028542701723
-2 -3.1013377926421404 0.9041025643735568
-2 -3.0792642140468227 0.8958441262165491
-2 -3.057190635451505 0.8875321458016328
-2 -3.035117056856187 0.8791712700295438
-2 -3.0130434782608693 0.8707661458010197
-2 -2.9909698996655516 0.8623214200167962
-2 -2.968896321070234 0.8538417395776102
-2 -2.9468227424749163 0.8453317513841981
-2 -2.9247491638795986 0.8367961023372961
-2 -2.902675585284281 0.828239439337641
-2 -2.880602006688963 0.8196664092859688
-2 -2.858528428093645 0.8110816590830165
-2 -2.8364548494983275 0.8024898356295203
-2 -2.81438127090301 0.7938955858262168
-2 -2.792307692307692 0.7853035565738425
-2 -2.7702341137123745 0.7767183947731339
-2 -2.748160535117057 0.768144747324827
-2 -2.7260869565217387 0.7595872611296588
-2 -2.7040133779264215 0.7510505830883658
-2 -2.6819397993311034 0.7425393601016839
-2 -2.6598662207357857 0.7340582390703504
-2 -2.637792642140468 0.7256118668951013
-2 -2.6157190635451504 0.7172048904766729
-2 -2.5936454849498327 0.7088413940612234
-2 -2.5715719063545146 0.7005219738437622
-2 -2.5494983277591974 0.6922458911675122
-2 -2.5274247491638793 0.6840124046766313
-2 -2.5053511705685616 0.6758207730152777
-2 -2.483277591973244 0.6676702548276098
-2 -2.4612040133779263 0.6595601087577856
-2 -2.4391304347826086 0.6514895934499637
-2 -2.417056856187291 0.6434579675483021
-2 -2.3949832775919733 0.6354644896969588
-2 -2.372909698996655 0.6275084185400924
-2 -2.3508361204013375 0.6195890127218613
-2 -2.32876254180602 0.6117055308864233
-2 -2.306688963210702 0.6038572316779368
-2 -2.2846153846153845 0.5960433737405602
-2 -2.262541806020067 0.5882632157184515
-2 -2.240468227424749 0.5805160162557692
-2 -2.218394648829431 0.572801033996671
-2 -2.196321070234114 0.565117527585316
-2 -2.1742474916387957 0.5574647556658616
-2 -2.152173913043478 0.5498419768824664
-2 -2.1301003344481604 0.5422484498792888
-2 -2.1080267558528427 0.5346832519926947
-2 -2.085953177257525 0.5271444402099522
-2 -2.063879598662207 0.5196297148721061
-2 -2.0418060200668897 0.5121367759456414
-2 -2.0197324414715716 0.5046633233970426
-2 -1.997658862876254 0.4972070571927941
-2 -1.9755852842809363 0.48976567729938086
-2 -1.9535117056856186 0.4823368836832871
-2 -1.931438127090301 0.47491837631099754
-2 -1.909364548494983 0.4675078551489968
-2 -1.8872909698996654 0.46010302016376936
-2 -1.8652173913043477 0.4527015713218001
-2 -1.8431438127090298 0.4453012085895733
-2 -1.8210702341137122 0.4378996319335737
-2 -1.7989966555183945 0.4304945413202859
-2 -1.7769230769230768 0.42308363671619437
-2 -1.754849498327759 0.4156646180877837
-2 -1.7327759197324413 0.40823518540153875
-2 -1.7107023411371236 0.40079303862394383
-2 -1.688628762541806 0.3933358777214837
-2 -1.666555183946488 0.3858614026606426
-2 -1.6444816053511704 0.3783676895243525
-2 -1.6224080267558527 0.3708571523328493
-2 -1.600334448160535 0.363334987519569
-2 -1.5782608695652172 0.35580643716659716
-2 -1.5561872909698995 0.34827674335601944
-2 -1.5341137123745818 0.34075114816992175
-2 -1.512040133779264 0.3332348936903895
-2 -1.4899665551839463 0.32573322199950844
-2 -1.4678929765886286 0.3182513751793643
-2 -1.445819397993311 0.31079459531204273
-2 -1.423745819397993 0.30336812447962935
-2 -1.4016722408026754 0.2959772047642099
-2 -1.3795986622073577 0.28862707824786993
-2 -1.35752508361204 0.28132298701269515
-2 -1.3354515050167222 0.27407017314077126
-2 -1.3133779264214045 0.26687387871418405
-2 -1.2913043478260868 0.25973934581501895
-2 -1.2692307692307692 0.25267181652536175
-2 -1.2471571906354515 0.24567653292729813
-2 -1.2250836120401338 0.23875873710291368
-2 -1.2030100334448157 0.23192367113429407
-2 -1.180936454849498 0.22517606656830708
-2 -1.1588628762541804 0.21851400404891563
-2 -1.1367892976588627 0.21193090692524544
-2 -1.114715719063545 0.20542010267003458
-2 -1.0926421404682274 0.1989749187560213
-2 -1.0705685618729097 0.19258868265594364
-2 -1.0484949832775916 0.1862547218425397
-2 -1.026421404682274 0.17996636378854775
-2 -1.0043478260869563 0.17371693596670593
-2 -0.9822742474916386 0.16749976584975226
-2 -0.9602006688963209 0.16130818091042498
-2 -0.9381270903010033 0.1551355086214621
-2 -0.9160535117056856 0.14897507645560196
-2 -0.8939799331103679 0.14282021188558255
-2 -0.8719063545150498 0.13666424238414188
-2 -0.8498327759197322 0.13050049542401843
-2 -0.8277591973244145 0.12432229847795011
-2 -0.8056856187290968 0.1181229790186751
-2 -0.7836120401337792 0.11189586451893156
-2 -0.7615384615384615 0.1056342824514576
-2 -0.7394648829431438 0.09933310804068653
-2 -0.7173913043478257 0.09299433308317151
-2 -0.695317725752508 0.08662199349072676
-2 -0.6732441471571904 0.08022012535328776
-2 -0.6511705685618727 0.07379276476078998
-2 -0.629096989966555 0.06734394780316898
-2 -0.6070234113712374 0.060877710570360274
-2 -0.5849498327759197 0.054398089152299364
-2 -0.562876254180602 0.04790911963892184
-2 -0.5408026755852839 0.04141483812016303
-2 -0.5187290969899663 0.034919280685958745
-2 -0.4966555183946486 0.028426483426244396
-2 -0.47458193979933094 0.021940482430955484
-2 -0.4525083612040133 0.015465313790027569
-2 -0.4304347826086956 0.009005013593396154
-2 -0.40836120401337794 0.0025636179309967717
-2 -0.38628762541805983 -0.0038548371072351616
-2 -0.36421404682274217 -0.01024631543136389
-2 -0.3421404682274245 -0.016606780951454007
-2 -0.32006688963210683 -0.022932199023926774
-2 -0.29799331103678917 -0.029219816896653896
-2 -0.27591973244147144 -0.03547051699886766
-2 -0.2538461538461538 -0.04168582171302753
-2 -0.2317725752508362 -0.047867253421592995
-2 -0.20969899665551808 -0.05401633450702377
-2 -0.18762541806020036 -0.060134587351779116
-2 -0.16555183946488272 -0.0662235343383186
-2 -0.14347826086956508 -0.07228469784910178
-2 -0.12140468227424736 -0.07831960026658819
-2 -0.09933110367892972 -0.08432976397323733
-2 -0.07725752508361207 -0.09031671135150869
-2 -0.055183946488293965 -0.0962819647838619
-2 -0.03311036789297629 -0.10222704665275627
-2 -0.011036789297658616 -0.10815347934065142
-2 0.011036789297659035 -0.11406278523000687
-2 0.03311036789297669 -0.11995648670328209
-2 0.05518394648829442 -0.1258361061429367
-2 0.07725752508361201 -0.13170316593143003
-2 0.09933110367892971 -0.1375591884512218
-2 0.12140468227424785 -0.1434055438655692
-2 0.14347826086956547 -0.1492423587926139
-2 0.16555183946488317 -0.155069152466555
-2 0.1876254180602008 -0.16088544000536004
-2 0.2096989966555185 -0.1666907365269966
-2 0.2317725752508362 -0.17248455714943228
-2 0.25384615384615383 -0.17826641699063456
-2 0.27591973244147194 -0.18403583116857122
-2 0.2979933110367896 -0.18979231480120962
-2 0.3200668896321073 -0.19553538300651735
-2 0.342140468227425 -0.2012645509024621
-2 0.36421404682274267 -0.20697933360701135
-2 0.3862876254180603 -0.2126792462381327
-2 0.40836120401337794 -0.21836380391379384
-2 0.4304347826086956 -0.22403252175196217
-2 0.4525083612040137 -0.2296849148706055
-2 0.4745819397993314 -0.2353204983876911
-2 0.49665551839464905 -0.24093878742118674
-2 0.5187290969899667 -0.24653929708905994
-2 0.5408026755852844 -0.2521215671345594
-2 0.562876254180602 -0.25768533322238185
-2 0.5849498327759197 -0.2632304245910598
-2 0.6070234113712378 -0.26875667105904016
-2 0.6290969899665555 -0.2742639024447695
-2 0.6511705685618732 -0.27975194856669466
-2 0.6732441471571908 -0.2852206392432626
-2 0.6953177257525085 -0.2906698042929199
-2 0.7173913043478262 -0.29609927353411336
-2 0.7394648829431443 -0.3015088767852902
-2 0.7615384615384615 -0.3068984438648965
-2 0.7836120401337796 -0.3122678045913796
-2 0.8056856187290968 -0.31761678878318594
-2 0.8277591973244149 -0.3229452262587626
-2 0.8498327759197322 -0.3282529468365562
-2 0.8719063545150503 -0.3335397803350137
-2 0.8939799331103684 -0.3388055565725817
-2 0.9160535117056856 -0.3440501053677069
-2 0.9381270903010037 -0.34927325671638126
-2 0.9602006688963209 -0.35447491095867045
-2 0.982274247491639 -0.35965514568686446
-2 1.0043478260869563 -0.36481406597634836
-2 1.0264214046822744 -0.36995177690250847
-2 1.0484949832775925 -0.37506838354073013
-2 1.0705685618729097 -0.3801639909663988
-2 1.0926421404682278 -0.38523870425490053
-2 1.114715719063545 -0.39029262848162083
-2 1.1367892976588632 -0.39532586872194586
-2 1.1588628762541804 -0.4003385300512604
-2 1.1809364548494985 -0.4053307175449511
-2 1.2030100334448166 -0.41030253627840313
-2 1.2250836120401338 -0.41525409132700214
-2 1.247157190635452 -0.42018548776613396
-2 1.2692307692307692 -0.42509683067118414
-2 1.2913043478260873 -0.42998822511753876
-2 1.3133779264214045 -0.4348597761805829
-2 1.3354515050167226 -0.4397115889357029
-2 1.3575250836120407 -0.4445436820643898
-2 1.379598662207358 -0.44935567613921606
-2 1.401672240802676 -0.45414707713507724
-2 1.4237458193979933 -0.4589173910164279
-2 1.4458193979933114 -0.46366612374772365
-2 1.4678929765886286 -0.46839278129341894
-2 1.4899665551839467 -0.4730968696179689
-2 1.512040133779264 -0.4777778946858282
-2 1.534113712374582 -0.4824353624614523
-2 1.5561872909699002 -0.48706877890929573
-2 1.5782608695652174 -0.4916776499938133
-2 1.6003344481605355 -0.4962614816794605
-2 1.6224080267558527 -0.5008197799306917
-2 1.6444816053511708 -0.5053520507119622
-2 1.666555183946488 -0.5098577999877268
-2 1.6886287625418062 -0.5143365337224406
-2 1.7107023411371243 -0.5187877578805584
-2 1.7327759197324415 -0.5232109785533993
-2 1.7548494983277596 -0.5276057574360489
-2 1.7769230769230768 -0.5319717987277295
-2 1.798996655518395 -0.5363088291357577
-2 1.8210702341137122 -0.5406165753674499
-2 1.8431438127090303 -0.5448947641301215
-2 1.8652173913043484 -0.5491431221310888
-2 1.8872909698996656 -0.5533613760776681
-2 1.9093645484949837 -0.5575492526771753
-2 1.931438127090301 -0.5617064786369264
-2 1.953511705685619 -0.5658327806642377
-2 1.9755852842809363 -0.5699278854664253
-2 1.9976588628762544 -0.573991519750805
-2 2.0197324414715725 -0.5780234102246932
-2 2.0418060200668897 -0.5820232835954059
-2 2.063879598662208 -0.5859908665702591
-2 2.085953177257525 -0.5899258858565688
-2 2.108026755852843 -0.5938280681616513
-2 2.1301003344481604 -0.5976971361335679
-2 2.1521739130434785 -0.6015327853834611
-2 2.1742474916387957 -0.6053347004741304
-2 2.196321070234114 -0.6091025659354792
-2 2.218394648829432 -0.6128360662974099
-2 2.240468227424749 -0.6165348860898254
-2 2.2625418060200673 -0.6201987098426288
-2 2.2846153846153845 -0.6238272220857227
-2 2.3066889632107026 -0.6274201073490101
-2 2.32876254180602 -0.6309770501623938
-2 2.350836120401338 -0.6344977350557766
-2 2.372909698996656 -0.6379818465590615
-2 2.3949832775919733 -0.6414290692021511
-2 2.4170568561872914 -0.6448390875149486
-2 2.4391304347826086 -0.6482115860273565
-2 2.4612040133779267 -0.6515462492692781
-2 2.483277591973244 -0.6548427617769141
-2 2.505351170568562 -0.6581008861844411
-2 2.52742474916388 -0.661320658025716
-2 2.5494983277591974 -0.6645021724073178
-2 2.5715719063545155 -0.6676455244358257
-2 2.5936454849498327 -0.6707508092178185
-2 2.615719063545151 -0.673818121859875
-2 2.637792642140468 -0.6768475574685743
-2 2.659866220735786 -0.6798392111504955
-2 2.6819397993311034 -0.6827931780122171
-2 2.7040133779264215 -0.6857095531603186
-2 2.7260869565217396 -0.6885884317013785
-2 2.748160535117057 -0.691429908741976
-2 2.770234113712375 -0.6942340793886899
-2 2.792307692307692 -0.697001038748099
-2 2.8143812709030103 -0.6997308819267829
-2 2.8364548494983275 -0.7024237040313195
-2 2.8585284280936456 -0.7050795878341642
-2 2.8806020066889637 -0.7076985246591576
-2 2.902675585284281 -0.7102804647281704
-2 2.924749163879599 -0.7128253580667312
-2 2.9468227424749163 -0.7153331547003683
-2 2.9688963210702344 -0.7178038046546102
-2 2.9909698996655516 -0.7202372579549854
-2 3.0130434782608697 -0.7226334646270225
-2 3.035117056856188 -0.72499237469625
-2 3.057190635451505 -0.7273139381881958
-2 3.079264214046823 -0.729598105128389
-2 3.1013377926421404 -0.7318448255423576
-2 3.1234113712374585 -0.7340540494556305
-2 3.1454849498327757 -0.736225726893736
-2 3.167558528428094 -0.7383598078822025
-2 3.189632107023412 -0.7404562424531463
-2 3.211705685618729 -0.7425150630512112
-2 3.2337792642140473 -0.7445365902170993
-2 3.2558528428093645 -0.7465212074079786
-2 3.2779264214046826 -0.7484692980810176
-2 3.3 -0.7503812456933854
-3 -3.3 0.9089109067928135
-3 -3.277926421404682 0.9001232796355814
-3 -3.2558528428093645 0.8913035580759838
-3 -3.233779264214047 0.882458203422637
-3 -3.2117056856187287 0.8735936769841577
-3 -3.189632107023411 0.8647164400691626
-3 -3.1675585284280934 0.8558329539862675
-3 -3.1454849498327757 0.8469496800440892
-3 -3.123411371237458 0.8380730795512447
-3 -3.1013377926421404 0.8292096138163496
-3 -3.0792642140468227 0.8203657441480211
-3 -3.057190635451505 0.8115479318548753
-3 -3.035117056856187 0.8027626382455284
-3 -3.0130434782608693 0.7940163246285975
-3 -2.9909698996655516 0.7853154510795209
-3 -2.968896321070234 0.7766645164572193
-3 -2.9468227424749163 0.7680620820290789
-3 -2.9247491638795986 0.7595055897065686
-3 -2.902675585284281 0.7509924814011585
-3 -2.880602006688963 0.7425201990243173
-3 -2.858528428093645 0.734086184487515
-3 -2.8364548494983275 0.7256878797022209
-3 -2.81438127090301 0.7173227265799043
-3 -2.792307692307692 0.7089881670320346
-3 -2.7702341137123745 0.7006816429700812
-3 -2.748160535117057 0.6924005963055136
-3 -2.7260869565217387 0.6841424689498011
-3 -2.7040133779264215 0.6759047028144135
-3 -2.6819397993311034 0.6676847398108195
-3 -2.6598662207357857 0.6594800218504894
-3 -2.637792642140468 0.651287990844892
-3 -2.6157190635451504 0.6431060887054968
-3 -2.5936454849498327 0.6349317573437733
-3 -2.5715719063545146 0.626762438671191
-3 -2.5494983277591974 0.6185955745992193
-3 -2.5274247491638793 0.6104286070393272
-3 -2.5053511705685616 0.602258977902985
-3 -2.483277591973244 0.5940842795049871
-3 -2.4612040133779263 0.5859051407805604
-3 -2.4391304347826086 0.5777250095298322
-3 -2.417056856187291 0.5695474403295437
-3 -2.3949832775919733 0.561375987756436
-3 -2.372909698996655 0.5532142063872499
-3 -2.3508361204013375 0.545065650798727
-3 -2.32876254180602 0.5369338755676081
-3 -2.306688963210702 0.5288224352706342
-3 -2.2846153846153845 0.5207348844845465
-3 -2.262541806020067 0.5126747777860861
-3 -2.240468227424749 0.504645669751994
-3 -2.218394648829431 0.49665111495901104
-3 -2.196321070234114 0.48869466798387895
-3 -2.1742474916387957 0.4807798834033382
-3 -2.152173913043478 0.4729103157941303
-3 -2.1301003344481604 0.46508951973299606
-3 -2.1080267558528427 0.45732104979667654
-3 -2.085953177257525 0.4496084605619131
-3 -2.063879598662207 0.4419553066054464
-3 -2.0418060200668897 0.43436514250401825
-3 -2.0197324414715716 0.4268415228343687
-3 -1.997658862876254 0.4193877933453254
-3 -1.9755852842809363 0.4120033384566216
-3 -1.9535117056856186 0.40468399913305
-3 -1.931438127090301 0.3974254914120336
-3 -1.909364548494983 0.39022353133099597
-3 -1.8872909698996654 0.3830738349273606
-3 -1.8652173913043477 0.37597211823855087
-3 -1.8431438127090298 0.3689140973019899
-3 -1.8210702341137122 0.36189548815510164
-3 -1.7989966555183945 0.35491200683530916
-3 -1.7769230769230768 0.34795936938003585
-3 -1.754849498327759 0.34103329182670516
-3 -1.7327759197324413 0.3341294902127406
-3 -1.7107023411371236 0.3272436805755655
-3 -1.688628762541806 0.3203715789526033
-3 -1.666555183946488 0.3135089013812773
-3 -1.6444816053511704 0.30665136389901104
-3 -1.6224080267558527 0.2997946825432279
-3 -1.600334448160535 0.2929345733513512
-3 -1.5782608695652172 0.2860667523608044
-3 -1.5561872909698995 0.27918693560901103
-3 -1.5341137123745818 0.2722919540903294
-3 -1.512040133779264 0.26538422576226567
-3 -1.4899665551839463 0.25846791489026844
-3 -1.4678929765886286 0.2515471863306754
-3 -1.445819397993311 0.24462620493982418
-3 -1.423745819397993 0.23770913557405235
-3 -1.4016722408026754 0.23080014308969762
-3 -1.3795986622073577 0.2239033923430977
-3 -1.35752508361204 0.21702304819059007
-3 -1.3354515050167222 0.2101632754885124
-3 -1.3133779264214045 0.20332823909320244
-3 -1.2913043478260868 0.1965221038609978
-3 -1.2692307692307692 0.18974903464823606
-3 -1.2471571906354515 0.1830131963112549
-3 -1.2250836120401338 0.17631875370639186
-3 -1.2030100334448157 0.1696698716899846
-3 -1.180936454849498 0.16307071511837093
-3 -1.1588628762541804 0.15652544884788844
-3 -1.1367892976588627 0.15003823773487468
-3 -1.114715719063545 0.14361324663566732
-3 -1.0926421404682274 0.1372542616471357
-3 -1.0705685618729097 0.13096028306273502
-3 -1.0484949832775916 0.1247270315427592
-3 -1.026421404682274 0.11855016377449064
-3 -1.0043478260869563 0.11242533644521106
-3 -0.9822742474916386 0.10634820624220254
-3 -0.9602006688963209 0.10031442985274705
-3 -0.9381270903010033 0.09431966396412661
-3 -0.9160535117056856 0.08835956526362318
-3 -0.8939799331103679 0.08242979043851881
-3 -0.8719063545150498 0.07652599617609532
-3 -0.8498327759197322 0.070643839163635
-3 -0.8277591973244145 0.06477897608841969
-3 -0.8056856187290968 0.0589270636377314
-3 -0.7836120401337792 0.05308375849885212
-3 -0.7615384615384615 0.047244717359063854
-3 -0.7394648829431438 0.04140559690564859
-3 -0.7173913043478257 0.03556205382588823
-3 -0.695317725752508 0.02970974480706498
-3 -0.6732441471571904 0.02384437056640358
-3 -0.6511705685618727 0.017963885602551872
-3 -0.629096989966555 0.01206953124850625
-3 -0.6070234113712374 0.006162808743145064
-3 -0.5849498327759197 0.0002452193253466654
-3 -0.562876254180602 -0.005681735766010559
-3 -0.5408026755852839 -0.01161655529204841
-3 -0.5187290969899663 -0.017557738013888276
-3 -0.4966555183946486 -0.023503782692651926
-3 -0.47458193979933094 -0.029453188089460992
-3 -0.4525083612040133 -0.03540445296543712
-3 -0.4304347826086956 -0.04135607608170198
-3 -0.40836120401337794 -0.047306556199377174
-3 -0.38628762541805983 -0.05325439207958449
-3 -0.36421404682274217 -0.05919808248344534
-3 -0.3421404682274245 -0.06513612617208146
-3 -0.32006688963210683 -0.07106702190661451
-3 -0.29799331103678917 -0.07698926844816614
-3 -0.27591973244147144 -0.08290136455785801
-3 -0.2538461538461538 -0.08880180925526773
-3 -0.2317725752508362 -0.09468925489072745
-3 -0.20969899665551808 -0.10056276566553916
-3 -0.18762541806020036 -0.10642147421729711
-3 -0.16555183946488272 -0.11226451318359598
-3 -0.14347826086956508 -0.11809101520203032
-3 -0.12140468227424736 -0.12390011291019458
-3 -0.09933110367892972 -0.12969093894568337
-3 -0.07725752508361207 -0.13546262594609115
-3 -0.055183946488293965 -0.14121430654901265
-3 -0.03311036789297629 -0.1469451133920421
-3 -0.011036789297658616 -0.15265417911277415
-3 0.011036789297659035 -0.1583406363488034
-3 0.03311036789297669 -0.1640036177377243
-3 0.05518394648829442 -0.16964225591713145
-3 0.07725752508361201 -0.17525568352461923
-3 0.09933110367892971 -0.18084303319778242
-3 0.12140468227424785 -0.18640343757421537
-3 0.14347826086956547 -0.1919360292915126
-3 0.16555183946488317 -0.19743994243854546
-3 0.1876254180602008 -0.20291489124474507
-3 0.2096989966555185 -0.20836205399578253
-3 0.2317725752508362 -0.2137828363586661
-3 0.25384615384615383 -0.21917864400040415
-3 0.27591973244147194 -0.22455088258800526
-3 0.2979933110367896 -0.2299009577884776
-3 0.3200668896321073 -0.23523027526882972
-3 0.342140468227425 -0.24054024069607005
-3 0.36421404682274267 -0.2458322597372069
-3 0.3862876254180603 -0.25110773805924863
-3 0.40836120401337794 -0.25636808132920386
-3 0.4304347826086956 -0.2616146952140808
-3 0.4525083612040137 -0.26684898538088814
-3 0.4745819397993314 -0.27207235749663394
-3 0.49665551839464905 -0.2772862172283267
-3 0.5187290969899667 -0.2824919702429749
-3 0.5408026755852844 -0.28769102220758697
-3 0.562876254180602 -0.2928847787891712
-3 0.5849498327759197 -0.298074524873807
-3 0.6070234113712378 -0.3032600652854178
-3 0.6290969899665555 -0.30844021260515364
-3 0.6511705685618732 -0.3136137611140776
-3 0.6732441471571908 -0.31877950509325276
-3 0.6953177257525085 -0.32393623882374206
-3 0.7173913043478262 -0.3290827565866085
-3 0.7394648829431443 -0.33421785266291537
-3 0.7615384615384615 -0.33934032133372527
-3 0.7836120401337796 -0.34444895688010174
-3 0.8056856187290968 -0.34954255358310715
-3 0.8277591973244149 -0.3546199057238053
-3 0.8498327759197322 -0.3596798075832584
-3 0.8719063545150503 -0.3647210534425303
-3 0.8939799331103684 -0.36974243758268366
-3 0.9160535117056856 -0.37474275428478115
-3 0.9381270903010037 -0.37972079782988644
-3 0.9602006688963209 -0.38467536249906187
-3 0.982274247491639 -0.38960525440931826
-3 1.0043478260869563 -0.39450980985199635
-3 1.0264214046822744 -0.3993890973449996
-3 1.0484949832775925 -0.404243238977925
-3 1.0705685618729097 -0.4090723568403702
-3 1.0926421404682278 -0.4138765730219328
-3 1.114715719063545 -0.4186560096122098
-3 1.1367892976588632 -0.42341078870079923
-3 1.1588628762541804 -0.42814103237729795
-3 1.1809364548494985 -0.4328468627313038
-3 1.2030100334448166 -0.4375284018524141
-3 1.2250836120401338 -0.44218577183022595
-3 1.247157190635452 -0.4468190947543375
-3 1.2692307692307692 -0.45142849271434554
-3 1.2913043478260873 -0.45601408779984787
-3 1.3133779264214045 -0.4605760021004417
-3 1.3354515050167226 -0.4651143577057248
-3 1.3575250836120407 -0.4696292767052943
-3 1.379598662207358 -0.47412087996327196
-3 1.401672240802676 -0.47858926112827244
-3 1.4237458193979933 -0.4830344871618563
-3 1.4458193979933114 -0.4874566239058133
-3 1.4678929765886286 -0.4918557372019315
-3 1.4899665551839467 -0.49623189289200054
-3 1.512040133779264 -0.5005851568178089
-3 1.534113712374582 -0.504915594821146
-3 1.5561872909699002 -0.5092232727438007
-3 1.5782608695652174 -0.5135082564275617
-3 1.6003344481605355 -0.5177706117142183
-3 1.6224080267558527 -0.5220104044455595
-3 1.6444816053511708 -0.526227700463374
-3 1.666555183946488 -0.5304225656094509
-3 1.6886287625418062 -0.5345950657255792
-3 1.7107023411371243 -0.5387452666535482
-3 1.7327759197324415 -0.5428732342351462
-3 1.7548494983277596 -0.5469790342897147
-3 1.7769230769230768 -0.5510625673075662
-3 1.798996655518395 -0.555123171377647
-3 1.8210702341137122 -0.5591600651112623
-3 1.8431438127090303 -0.5631724671197176
-3 1.8652173913043484 -0.5671595960143188
-3 1.8872909698996656 -0.5711206704063707
-3 1.9093645484949837 -0.5750549089071796
-3 1.931438127090301 -0.5789615301280501
-3 1.953511705685619 -0.5828397526802885
-3 1.9755852842809363 -0.5866887951751996
-3 1.9976588628762544 -0.5905078762240896
-3 2.0197324414715725 -0.5942962144382635
-3 2.0418060200668897 -0.5980530284290267
-3 2.063879598662208 -0.6017775368076853
-3 2.085953177257525 -0.6054689581855441
-3 2.108026755852843 -0.6091265111739093
-3 2.1301003344481604 -0.6127494143841179
-3 2.1521739130434785 -0.6163370446618713
-3 2.1742474916387957 -0.6198894006284243
-3 2.196321070234114 -0.623406633607485
-3 2.218394648829432 -0.6268888949227607
-3 2.240468227424749 -0.6303363358979586
-3 2.2625418060200673 -0.6337491078567871
-3 2.2846153846153845 -0.6371273621229533
-3 2.3066889632107026 -0.640471250020165
-3 2.32876254180602 -0.64378092287213
-3 2.350836120401338 -0.6470565320025553
-3 2.372909698996656 -0.650298228735149
-3 2.3949832775919733 -0.6535061643936184
-3 2.4170568561872914 -0.6566804903016713
-3 2.4391304347826086 -0.6598213577830152
-3 2.4612040133779267 -0.6629289181613579
-3 2.483277591973244 -0.6660033227604067
-3 2.505351170568562 -0.6690447144042249
-3 2.52742474916388 -0.672052995671854
-3 2.5494983277591974 -0.6750278010423045
-3 2.5715719063545155 -0.6779687509029152
-3 2.5936454849498327 -0.6808754656410247
-3 2.615719063545151 -0.6837475656439722
-3 2.637792642140468 -0.686584671299096
-3 2.659866220735786 -0.6893864029937354
-3 2.6819397993311034 -0.6921523811152293
-3 2.7040133779264215 -0.6948822260509157
-3 2.7260869565217396 -0.697575558188134
-3 2.748160535117057 -0.7002319979142232
-3 2.770234113712375 -0.7028511656165217
-3 2.792307692307692 -0.7054326816823686
-3 2.8143812709030103 -0.7079761664991027
-3 2.8364548494983275 -0.7104812404540625
-3 2.8585284280936456 -0.7129475338212942
-3 2.8806020066889637 -0.7153750851446244
-3 2.902675585284281 -0.717764477595827
-3 2.924749163879599 -0.720116332216943
-3 2.9468227424749163 -0.7224312700500147
-3 2.9688963210702344 -0.724709912137084
-3 2.9909698996655516 -0.7269528795201923
-3 3.0130434782608697 -0.7291607932413817
-3 3.035117056856188 -0.7313342743426938
-3 3.057190635451505 -0.7334739438661699
-3 3.079264214046823 -0.7355804228538527
-3 3.1013377926421404 -0.7376543323477831
-3 3.1234113712374585 -0.7396962933900033
-3 3.1454849498327757 -0.7417069270225548
-3 3.167558528428094 -0.7436868542874798
-3 3.189632107023412 -0.7456366962268195
-3 3.211705685618729 -0.7475569950498937
-3 3.2337792642140473 -0.7494476863442957
-3 3.2558528428093645 -0.7513084241248176
-3 3.2779264214046826 -0.7531388608568536
-3 3.3 -0.7549386490057971
