0.000000000000000000e+00 0.000000000000000000e+00
2.130327213739875238e+06 7.715588932866168648e-05
2.042974636342489626e+06 7.399181676737143221e-05
1.959203890284794150e+06 7.095660389566660342e-05
1.878868105077922810e+06 6.804778671443134641e-05
1.801826432554680854e+06 6.525703744719724142e-05
1.727943799928458873e+06 6.258232929812201917e-05
1.657090672977786977e+06 6.001618149242826661e-05
1.589142828941349639e+06 5.755560395959147257e-05
1.523981138725271448e+06 5.519526902986182648e-05
1.461491358040852472e+06 5.293138269768515869e-05
1.401563927106544841e+06 5.076012459848122660e-05
1.344093778563013533e+06 4.867974217093173905e-05
1.288980153264508117e+06 4.668292915999128212e-05
1.236126423623574898e+06 4.476901313754666489e-05
1.185439924199399538e+06 4.293468644012143898e-05
1.136831789232757408e+06 4.117224678135134042e-05
1.090216796842725947e+06 3.948531288322509880e-05
1.045513219612002023e+06 3.786591844467945833e-05
1.002642681298868381e+06 3.631348819566060371e-05
9.615300194245806197e+05 3.482398138149322975e-05
9.221031534952649381e+05 3.339587907552621360e-05
8.842929586272841552e+05 3.202719870976089567e-05
8.480331443545062793e+05 3.071353814076971389e-05
8.132601384049984626e+05 2.945430657202985358e-05
7.267929237765754806e+05 2.632228998167285283e-05
6.459021511651945766e+05 2.339290788855308278e-05
5.740143791054231115e+05 2.078951551626184724e-05
5.101275894891918870e+05 1.847557734280247388e-05
4.533512870594132110e+05 1.641923783449183993e-05
4.028940871130454470e+05 1.459205388024131800e-05
3.580526846709519741e+05 1.296795839358932945e-05
3.182020513597285608e+05 1.152446127825057509e-05
2.827867233633220312e+05 1.024163711188519343e-05
2.470866442690239346e+05 8.664222877138860746e-06
2.151326463202906598e+05 7.251156885296206056e-06
1.873449669151408889e+05 6.068247223114942024e-06
1.631767815967654460e+05 5.078021029072954384e-06
1.421534284245654999e+05 4.249034526920825172e-06
1.238628411058831844e+05 3.555255595623363352e-06
1.079472554436032078e+05 2.974672975789016682e-06
9.409601904566884332e+04 2.488745328460550965e-06
8.203935702196492639e+04 2.082063753482132906e-06
7.154296611388376914e+04 1.741753097750375900e-06
5.882583416871690133e+04 4.848355542444129267e-04
4.841952737083820830e+04 6.824040392530150712e-04
4.000877556023257057e+04 4.970150019555519966e-05
3.317724313167150831e+04 2.485713745123130369e-04
2.760352694755000630e+04 5.358757646335698954e-05
2.303741223833295953e+04 3.176493778444395817e-04
1.928265127038832725e+04 1.376224190002156046e-05
1.618429670540490406e+04 7.566292215692839527e-05
1.361927942201985206e+04 1.342895704467054444e-04
1.148932062622663398e+04 1.285111964447716265e-04
9.715551911167112848e+03 4.744977804332120271e-05
8.234396411474663182e+03 1.041908744809916243e-04
6.994391009617085729e+03 2.240146550591234540e-05
5.953718908828221174e+03 3.389977886510998906e-05
5.078279689536551814e+03 6.649229049215314540e-05
4.340172987129674766e+03 2.026927129255114623e-05
3.716499845353096134e+03 3.116248206032034272e-05
3.188410804048285627e+03 7.471359775144975233e-07
2.740301318870109753e+03 1.307798356720013544e-06
2.359401921929033506e+03 1.155126210505841300e-05
2.034977532967993056e+03 2.783761807519530431e-05
1.758102463271339502e+03 2.168378884014247432e-05
1.521397880565922151e+03 1.816553780194945467e-05
1.318675581774871716e+03 1.948747080859902781e-05
1.144754792387705265e+03 2.932265541488732197e-11
9.952893970067506189e+02 6.046305874376502708e-06
8.666260858131169016e+02 7.828089792383252643e-06
7.556882071924718502e+02 1.019529601132693912e-05
6.598798343624741847e+02 6.310538096957835969e-06
5.770067144364654723e+02 7.965105851326370612e-06
5.052108390996535263e+02 6.090361353017215151e-06
4.429161977452804422e+02 6.124928042006941731e-06
3.887837306868217411e+02 5.571116332703240914e-06
3.416737994563453640e+02 3.772389427490448546e-06
3.006149196149884233e+02 1.819463806081008858e-06
2.647776015733441000e+02 1.622520926503057126e-07
2.334524650975382940e+02 2.948885838353960167e-06
2.060318774242003030e+02 2.840196422590333974e-06
1.819945205874096530e+02 1.089769966711173765e-06
1.609736098735188534e+02 6.629363724641734734e-12
1.423398613069604153e+02 1.339231244822842184e-06
1.260043413508961976e+02 1.316553465358083486e-06
1.115984611920406735e+02 6.801837821307773354e-07
9.887332419077281997e+01 1.272830104426247999e-06
8.761275177742427900e+01 1.199342558167835879e-06
7.762826132472986274e+01 9.027521912230440648e-07
6.875463377810058319e+01 4.612997603211069190e-07
6.084580971462418830e+01 8.090047600717298337e-07
5.377083055238708909e+01 5.714179565075028222e-07
4.740927334263162152e+01 5.564529814705565514e-07
4.164506965972711328e+01 3.429192076964682201e-07
3.635576661423340283e+01 4.953862535565883715e-07
3.138830663216558747e+01 2.902357003620181786e-07
2.648487994024883108e+01 4.278611243080376880e-08
2.092144616825855508e+01 3.104380061265521607e-07
0.000000000000000000e+00 0.000000000000000000e+00
