0.000000000000000000e+00 0.000000000000000000e+00
3.570460307407808723e+05 3.777681513097874699e-03
3.424056079768244526e+05 3.622780303556893955e-03
3.283655055084408377e+05 3.474230921028720331e-03
3.149011076217883383e+05 3.331772358418305657e-03
3.019888079531547264e+05 3.195155403940219685e-03
2.896059681012609508e+05 3.064140481757959833e-03
2.777308779366385425e+05 2.938497291935959765e-03
2.663427175384931033e+05 2.818006369444958636e-03
2.554215206923207734e+05 2.702455986538510047e-03
2.449481398842783819e+05 2.591643723929948351e-03
2.349042127309357165e+05 2.485375215133700522e-03
2.252721297855518351e+05 2.383464013540503856e-03
2.160350036644333450e+05 2.285731820796499392e-03
2.071766394392435323e+05 2.192007158608788586e-03
1.986815062433549028e+05 2.102125157963818936e-03
1.905347100424634118e+05 2.015928883206008493e-03
1.827219675217246113e+05 1.933267332396404470e-03
1.752295810436289757e+05 1.853995064545088667e-03
1.680444146327125200e+05 1.777973249683206802e-03
1.611538709449977905e+05 1.705068707956058915e-03
1.545458691817860526e+05 1.635153521973187196e-03
1.482088239090796560e+05 1.568105197542024598e-03
1.421316247454989061e+05 1.503806144148356339e-03
1.363036168830817332e+05 1.442143628241687736e-03
1.218115822448482941e+05 1.288812448859033566e-03
1.082541676382228761e+05 1.145369843185584102e-03
9.620566940415129648e+04 1.017892118785113098e-03
8.549814780740937567e+04 9.046025602525986642e-04
7.598235450957945432e+04 8.039220103261968120e-04
6.752565224949919502e+04 7.144468978226292677e-04
6.001016605961361347e+04 6.349302083266117336e-04
5.333114024869135756e+04 5.642635896863090750e-04
4.739547824947146000e+04 5.014620128680480349e-04
4.134122221068004728e+04 4.248299097437957528e-04
3.591796808230707393e+04 3.561634017201775748e-04
3.120993704332197376e+04 2.985802742705434554e-04
2.712237286889836832e+04 2.502941041433448532e-04
2.357312302628291945e+04 2.098058594537377530e-04
2.049095639629729703e+04 1.758579417339145579e-04
1.781410622763131323e+04 1.473953057851140613e-04
1.548900808599825723e+04 1.235329130840900902e-04
1.346920662967352291e+04 1.035282220977484791e-04
1.171440856350738977e+04 8.675847504296951840e-05
9.492616691521010580e+03 6.544181285413042636e-06
7.697572437313240698e+03 3.852933241432765499e-05
6.267603589724370977e+03 4.402636567066157188e-05
5.122407774078949842e+03 3.909707647805118200e-05
4.200880536538889828e+03 3.610456361957973745e-05
3.456111114084107157e+03 3.540375238021890403e-05
2.851800918363079745e+03 2.610428926218139327e-05
2.359665008350168591e+03 3.390053370821988210e-05
1.957523412017732653e+03 1.686464982570312805e-05
1.627883979904004264e+03 6.306303080030124970e-06
1.356879814963428316e+03 1.271562700821959879e-05
1.133465659463210386e+03 4.461001012910279211e-07
9.488052722385813240e+02 1.343321798981382027e-05
7.958011135026515603e+02 1.530918211756215896e-06
6.687308672007660562e+02 7.959385839484263517e-06
5.629647247239271337e+02 7.515876809804922232e-12
4.747453857822221153e+02 8.457323940305471767e-07
4.010128355878380830e+02 3.893134419286070624e-06
3.392691188261438242e+02 3.517864403940995543e-06
2.874689654222574973e+02 2.051760361609922256e-07
2.439334609164675101e+02 1.322002475490080542e-06
2.072812111113919400e+02 2.453283392157151483e-07
1.763728325570342292e+02 9.444684167049336519e-07
1.502665297529166253e+02 1.369135177109142489e-06
1.281821644134832638e+02 1.557157026063935596e-06
1.094721889547156053e+02 1.425193829618365271e-07
9.359805826097797876e+01 5.941251117747015087e-07
8.011104310894536695e+01 4.945377440890297294e-12
6.863657647036214371e+01 5.640352185309893684e-07
5.886141820700508021e+01 8.491472638609214037e-07
5.052320702507338268e+01 5.373911362795569390e-07
4.340181367776919785e+01 4.985417874081576883e-07
3.731225271438197666e+01 6.085443548603736499e-08
3.209882841816772014e+01 1.267747435917954135e-07
2.763029986194748133e+01 6.844907438938907624e-08
2.379587339798114343e+01 1.941115321812958427e-07
2.050188179077719042e+01 2.375662511155951506e-07
1.766902218095842514e+01 8.857985989152439288e-08
1.523005541751045833e+01 2.139810304849242895e-07
1.312788935733505014e+01 1.907457880953300690e-07
1.131397468451379140e+01 1.025866662729413292e-07
9.746960841219621585e+00 2.104103024626324814e-13
8.391571077771445175e+00 7.447357619242130135e-08
7.217645442506528397e+00 2.780106367339385542e-08
6.199339813350197126e+00 6.913316852319439931e-08
5.314434240525899078e+00 6.440048252869162402e-08
4.543734648171729340e+00 4.397394448574232229e-09
3.870537525892759234e+00 4.689339989313290059e-08
3.280123539146554634e+00 8.947662528581090354e-14
2.759224675520114189e+00 3.001874127050996321e-08
2.295356680353259460e+00 3.391677421063650644e-08
1.875747189778517621e+00 6.911769157014191478e-09
1.485044818827192969e+00 1.844237290363752547e-08
1.098568280699693034e+00 6.144649396268697950e-09
6.505621465118113234e-01 2.045130557959407014e-14
0.000000000000000000e+00 0.000000000000000000e+00
