0.000000000000000000e+00 0.000000000000000000e+00
9.142520363045302220e+05 6.299504331161998039e-04
8.767637710056951037e+05 6.041199510002925877e-04
8.408126858052460011e+05 5.793488669363355825e-04
8.063357497083889320e+05 5.555926398681521050e-04
7.732725162621859927e+05 5.328116455651787930e-04
7.415650175782250008e+05 5.109635381410626565e-04
7.111576627008138457e+05 4.900116632504669667e-04
6.819971401425168151e+05 4.699197446305092285e-04
6.540323244161524344e+05 4.506507149373284449e-04
6.272141863993842853e+05 4.321721803250966332e-04
6.014957073747437680e+05 4.144512464496763471e-04
5.768317965943864547e+05 3.974565452682377042e-04
5.531792122250464745e+05 3.811596161629182689e-04
5.304964855345855467e+05 3.655303897796002843e-04
5.087438481872231932e+05 3.505420540550474584e-04
4.878831625199721893e+05 3.361682489222417303e-04
4.678778546780426404e+05 3.223836773171839809e-04
4.486928504919782863e+05 3.091648070525643277e-04
4.302945139841108466e+05 2.964877742082094869e-04
4.126505883965101093e+05 2.843303155155574302e-04
3.957301396370437578e+05 2.726718045671372437e-04
3.795035020443908870e+05 2.614907625599904861e-04
3.639422263769247802e+05 2.507687585588946888e-04
3.490190299342731596e+05 2.404859163909200959e-04
3.119107272576921387e+05 2.149172129772836115e-04
2.771956125554904575e+05 1.909970251885440007e-04
2.463442289900231699e+05 1.697395643434074231e-04
2.189265500893908029e+05 1.508479273100160611e-04
1.945604105707858107e+05 1.340586279349187393e-04
1.729061794744241342e+05 1.191381941073599293e-04
1.536620261682922719e+05 1.058784091579889619e-04
1.365597132382279960e+05 9.409428296702770922e-05
1.213608576219278475e+05 8.362175019516193686e-05
1.059444516654940380e+05 7.079450376767937314e-05
9.213974530264580972e+04 5.930234325196570566e-05
8.014568804995702521e+04 4.967309194903180014e-05
6.972348242198416847e+04 4.160530836239129115e-05
6.066597191274834040e+04 3.484135962383838603e-05
5.279343169678616687e+04 2.917542797006844602e-05
4.594992126076784916e+04 2.442960298934537811e-05
4.000012371929093933e+04 2.045467794148381202e-05
3.482660667189416563e+04 1.712559058163198866e-05
3.032744820186594006e+04 1.433755397702018985e-05
2.475750156728707952e+04 1.788374092788289765e-04
2.022824477581942847e+04 2.791011866065673530e-10
1.659314684018079060e+04 2.710860593571097488e-05
1.366114416761790926e+04 1.964448145440798009e-04
1.128517382377844115e+04 1.439475820694290152e-04
9.350762299132564294e+03 1.361968315904960036e-10
7.772145493447267654e+03 1.598889061773704030e-05
6.477190308334678775e+03 8.457475814793724567e-05
5.412015554441340100e+03 7.105136504923185851e-05
4.533136635897759334e+03 2.145927282981574535e-06
3.805866453395716690e+03 1.998726590743144654e-05
3.202405641843959984e+03 3.525705455737659271e-05
2.700381724384896643e+03 3.779593484957947534e-05
2.281718086644976665e+03 2.995198307695887997e-05
1.931755816788977427e+03 3.663181129959225402e-11
1.638567033280671694e+03 6.796636853323434480e-06
1.392415192078646896e+03 6.772107099095592275e-06
1.185328549164061769e+03 1.624078658132395360e-05
1.010761836060778364e+03 4.189849505564779975e-06
8.633266785618743597e+02 8.443463521435373080e-06
7.385758266740230056e+02 9.213053772327839397e-06
6.328298700279833611e+02 8.780769898752556300e-06
5.430376404833427841e+02 5.559549316270715591e-06
4.666633647469965922e+02 5.058173712768621044e-06
4.015951214230274786e+02 4.131735280728088182e-06
3.460704084425270253e+02 4.081441565091791594e-06
2.986157802866686666e+02 1.671070322117884643e-07
2.579955001519847997e+02 8.311660875594534999e-07
2.231742770199047641e+02 2.497745915646976087e-06
1.932804133115009506e+02 5.073390828038218731e-07
1.675799880989602570e+02 2.310613760557014262e-06
1.454537940817132551e+02 1.239774587426685019e-06
1.263785469757218891e+02 1.143381197905521220e-06
1.099113132690976471e+02 1.032096975850956373e-06
9.567658074265831658e+01 1.400266207839130007e-06
8.335550135740840005e+01 9.223956570537388105e-07
7.267692413309656274e+01 4.190897158196094097e-07
6.340990556474339712e+01 2.580840939857319619e-12
5.535745334760298419e+01 1.764431161177526519e-07
4.835126727184420758e+01 5.044320302757477939e-07
4.224733258293601779e+01 6.056200803072897543e-07
3.692220541329317740e+01 1.936231275489496357e-07
3.226987728981582393e+01 1.811469917589107574e-07
2.819911518172235887e+01 2.805447975348630639e-07
2.463119318249632173e+01 2.846350994900603837e-07
2.149793767218373830e+01 7.700020532297457976e-08
1.874001014472360538e+01 1.115031177926850802e-07
1.630541711838975161e+01 1.018379824913040466e-12
1.414766643898021670e+01 1.624831371467230013e-07
1.222479443375789820e+01 1.257918220162418652e-07
1.049655440362561976e+01 5.289068738534297154e-09
8.921160439683440302e+00 3.399435222206648177e-08
7.447328209768212304e+00 5.288628912580861652e-08
5.990513012965667627e+00 5.538321018101280144e-08
4.319084245611472639e+00 4.730798863761265238e-08
0.000000000000000000e+00 0.000000000000000000e+00
