0.000000000000000000e+00 0.000000000000000000e+00
3.359862845715926588e+07 3.214263716736240895e-01
3.101757916897169873e+07 2.967343664205372988e-01
2.863480629068427160e+07 2.739392292825186814e-01
2.643507821284927800e+07 2.528951934789347433e-01
2.440433341945821047e+07 2.334677356358270117e-01
2.252959060127145797e+07 2.155327293050959270e-01
2.079886567424910143e+07 1.989754987348533177e-01
1.920109517263238505e+07 1.836901846297678276e-01
1.772606552697480470e+07 1.695790840246331754e-01
1.636434777504033409e+07 1.565520025401383464e-01
1.510723728821565025e+07 1.445256852470606646e-01
1.394669812814404443e+07 1.334231921924811104e-01
1.287531167788724229e+07 1.231736097796556351e-01
1.188622921924531832e+07 1.137114066631852438e-01
1.097312815309063531e+07 1.049760913299451204e-01
1.013017158285925724e+07 9.691182464047187750e-02
9.351971002841671929e+06 8.946704084326029260e-02
8.633551852762000635e+06 8.259418456279377097e-02
7.970321718457113951e+06 7.624929024603943617e-02
7.358040975382136181e+06 7.039180598502525754e-02
6.792795687284129672e+06 6.498430772342089767e-02
6.270972586801814847e+06 5.999220743942146328e-02
5.789235978057608940e+06 5.538359785569468841e-02
5.344506413594346493e+06 5.112902427396193161e-02
4.597889156554494053e+06 4.398640708461698523e-02
3.933545957056277432e+06 3.763086350289768234e-02
3.365192867735112552e+06 3.219362716733087382e-02
2.878960398756883573e+06 2.754201147035928443e-02
2.462983045363689773e+06 2.356250069455256835e-02
2.107109734600162134e+06 2.015798469574292540e-02
1.802656109226751141e+06 1.724538329467151243e-02
1.542192603817645460e+06 1.475361898837945773e-02
1.319363141475744313e+06 1.262188788690821184e-02
1.144622796187760541e+06 1.057084475169745019e-02
9.963238730627204059e+05 8.811723275925942289e-03
8.675062444940084824e+05 7.344916167784987238e-03
7.555842223093155771e+05 6.121916967714469138e-03
6.583180719572347589e+05 5.102259750234594549e-03
5.737674254393747542e+05 4.252184842426842692e-03
5.002510014471528120e+05 3.543528985293420419e-03
4.363117749223368592e+05 2.952800181118320211e-03
3.719482347972406424e+05 6.832124199718236923e-09
3.102292188260959229e+05 2.181966518731891236e-03
2.597224870006448764e+05 7.993841427378356457e-05
2.181889466603672190e+05 1.905885503347420559e-03
1.838903468522731273e+05 4.346771575941127397e-04
1.554567797859042475e+05 2.079342870274558663e-03
1.318003853877401561e+05 2.405727173027116805e-09
1.120541418250644347e+05 1.550018263515084982e-03
9.551888814773158811e+04 1.051073486451059580e-03
8.163185660456062760e+04 6.937203143024817109e-04
6.993615563295288302e+04 7.870139947610856057e-04
6.005961307494190260e+04 4.330374285927973688e-04
5.169787170754150429e+04 4.833052080357447267e-04
4.460112558032639936e+04 5.873075569979846478e-04
3.856365541063105775e+04 1.879900082712993026e-04
3.341550441683612007e+04 4.371330680563466136e-04
2.901584344807006346e+04 3.305906376782424220e-04
2.524765221671555264e+04 3.396907686211954672e-04
2.201343295382180804e+04 2.676227413758169860e-04
1.923174691262945271e+04 2.539904433091674232e-04
1.683440354029243827e+04 2.117523836204782128e-04
1.476417253368935417e+04 1.670479414315195754e-04
1.297291343750220767e+04 3.143818261275299619e-10
1.142004562055883980e+04 1.617712041479535401e-05
1.007128833568373375e+04 1.006559328419186780e-04
8.897624159151650019e+03 2.763826494114700588e-05
7.874442738548584202e+03 1.050066293828422204e-04
6.980829428846322116e+03 1.750930341741594592e-10
6.198980279216569215e+03 5.912092561009187216e-05
5.513708262465135704e+03 4.642810810853281039e-05
4.912036705693558361e+03 3.677518614308072573e-05
4.382857710694786874e+03 4.021081349492305890e-05
3.916646427585728361e+03 5.381198138883749513e-05
3.505221349724827633e+03 3.009756994859170618e-05
3.141543011011264753e+03 1.165614639830891974e-05
2.819544147456500468e+03 2.681948782056691567e-05
2.533987168769612254e+03 3.679390222273278769e-05
2.280342757457857260e+03 1.795339176169363782e-05
2.054687806198621729e+03 1.304598754359176382e-05
1.853618606692672529e+03 8.333951200256706215e-06
1.674177085715292151e+03 1.441152447799608254e-05
1.513789226008937931e+03 5.444937869469868019e-07
1.370212173668797732e+03 3.164224438023666153e-11
1.241467442208014972e+03 1.145281468640280988e-05
1.125855120574480225e+03 1.015791441754101336e-05
1.021860495201274489e+03 8.519209527297568645e-06
9.281559179234511703e+02 8.225206784118199721e-06
8.435681714324497307e+02 9.524678808017864604e-06
7.670548539849199869e+02 3.357824924343584994e-06
6.976819821131133494e+02 5.572548991175294269e-06
6.346010081643387366e+02 4.549760401320626399e-06
5.770217207351026900e+02 6.436047328861604910e-06
5.241734212001003925e+02 3.040889435152087177e-06
4.752344314853321521e+02 1.090652806783054540e-11
4.291670450548922986e+02 5.903008741370285861e-06
3.841971725942058242e+02 2.751221472863107920e-10
3.351879318186751107e+02 2.409765386346407467e-06
0.000000000000000000e+00 0.000000000000000000e+00
