0.000000000000000000e+00 0.000000000000000000e+00
1.708875110393686593e+08 8.756041247748314049e-05
1.518680319753982425e+08 7.780539525059637640e-05
1.349653874399703443e+08 6.927435964509953692e-05
1.199439774775782228e+08 6.151199701109888451e-05
1.065944239928967953e+08 5.468273062669837259e-05
9.473065230391819775e+07 4.850626700458882112e-05
8.418729751308420300e+07 4.314931894833229364e-05
7.481739954474487901e+07 3.836173131821496440e-05
6.649035472088902444e+07 3.411121915042336639e-05
5.909009532288905233e+07 3.031155358579340486e-05
5.251347176481765509e+07 2.693633297945474681e-05
4.666881482802573591e+07 2.395717513758999218e-05
4.147465791648022830e+07 2.124123338675953931e-05
3.685860152283248305e+07 1.890973097040671291e-05
3.275630407741393149e+07 1.681970162670243241e-05
2.911058511396144331e+07 1.492475141406934824e-05
2.587062825141831860e+07 1.327000595302552099e-05
2.299127288245719671e+07 1.178116117889205228e-05
2.043238469582320750e+07 1.046416028238628115e-05
1.815829625843196362e+07 9.312417819373752792e-06
1.613730985969475657e+07 8.272572853740278731e-06
1.434125568839514442e+07 7.358528443440759403e-06
1.274509918370101787e+07 6.540881034022838492e-06
1.132659208731769770e+07 5.805067623404491783e-06
9.380367331734962761e+06 4.807275366447427700e-06
7.725298465414148755e+06 3.964196899339245128e-06
6.362249394842406735e+06 3.268390421556910397e-06
5.239696245186109096e+06 2.690220344048199763e-06
4.315205996808852069e+06 2.212290963601870608e-06
3.553832497829015367e+06 1.824421581080037935e-06
2.926795483683849219e+06 1.499268831382793987e-06
2.410392670038646087e+06 1.235155160012046949e-06
1.985103795658180723e+06 1.018389342185427315e-06
1.708495283798441524e+06 2.514550799582337959e-02
1.485119881762626115e+06 2.086030398742622083e-02
1.291462022611344233e+06 1.730430624337486734e-02
1.123517528289772104e+06 1.435360727201384634e-02
9.778270200603391277e+05 1.190532015706580182e-02
8.514012197557846084e+05 9.874023266998932513e-03
7.207064256172243040e+05 6.923784385435283184e-03
6.050451888936823234e+05 2.491805702447891235e-03
5.096262953492758679e+05 4.201396077405661345e-03
4.305902945101564401e+05 5.688415960491965961e-09
3.648821984104867443e+05 5.339088849723339081e-03
3.100672849749871530e+05 2.802926817610558105e-03
2.641932914221035317e+05 3.386341908480972052e-03
2.256863352183419629e+05 2.189378877725738082e-03
1.932713395701418922e+05 1.527951098978519440e-08
1.659106704684240976e+05 1.122783316532149911e-03
1.427565166070480482e+05 1.865128884855053563e-03
1.231135167271506216e+05 1.015008372106774616e-03
1.064093742018393386e+05 1.227560744155198336e-03
9.217154372507658263e+04 1.035411303746514022e-03
8.000865840838353324e+04 5.000535493503172751e-04
6.959565298378070293e+04 1.025900881506725416e-03
6.066141634811367840e+04 7.312725065276026726e-04
5.298105255325927283e+04 3.242210068648853673e-04
4.636419556050833489e+04 3.694963552725689330e-04
4.065248319680634449e+04 2.896540704689816448e-04
3.571242779691667238e+04 3.699528843170152292e-04
3.143153763639423414e+04 2.900054580897173896e-04
2.771481625949917361e+04 3.725829879923999062e-04
2.448187819734501318e+04 2.770794308162294328e-04
2.166456768284054124e+04 1.678369226283393800e-04
1.920498686079565596e+04 1.493462405051104724e-04
1.705385868144507549e+04 2.495013904990628362e-04
1.516916988875529387e+04 1.882484036086115565e-04
1.351503128433586608e+04 5.205014898145552717e-05
1.206073426428485618e+04 1.731244556140154600e-04
1.077995645006375344e+04 1.426405404433184372e-04
9.650096719868104628e+03 4.811554542743547158e-05
8.651716685175271778e+03 2.269868586869853793e-05
7.768070288769236868e+03 7.365452984231524169e-05
6.984707255865089792e+03 5.304640650684788392e-05
6.289138216796634879e+03 4.229536817560461490e-05
5.670550979429371182e+03 6.213449978531571105e-05
5.119571100809537711e+03 4.936800869233764046e-05
4.628056602413839755e+03 3.784711019663109530e-05
4.188925810436797292e+03 3.699713054130833857e-05
3.796009042249425875e+03 2.719307765119667944e-05
3.443922611075714030e+03 3.660416132333921269e-05
3.127961476294532076e+03 1.517887764795441594e-05
2.844006255755298753e+03 2.007091825362294912e-05
2.588444770427587628e+03 2.341503369760553624e-05
2.358103631968318950e+03 3.137057657092722526e-05
2.150189392593818866e+03 1.690328008407959715e-05
1.962237530591224413e+03 1.575280407450918574e-05
1.792067796724498521e+03 2.274721623507502954e-05
1.637744448117239926e+03 8.611576049588620663e-06
1.497540404631350384e+03 1.087435354317632023e-05
1.369902729784347684e+03 4.580805807563592680e-06
1.253417382865224454e+03 1.833662122407986317e-05
1.146767360355584515e+03 1.174184475752845666e-05
1.048672616882478906e+03 5.714288455754609601e-06
9.577861976918616165e+02 3.366356963852012996e-06
8.724086877138947784e+02 5.520346576304291375e-06
7.897257667747917367e+02 3.714952410194657446e-06
7.015711295918406449e+02 9.122067956901218168e-06
0.000000000000000000e+00 0.000000000000000000e+00
