0.000000000000000000e+00 0.000000000000000000e+00
3.192399495646696091e+08 1.836930886911503080e-04
2.837091053256812096e+08 1.632433228655472135e-04
2.521327814844589531e+08 1.448146226663560299e-04
2.240708468842206299e+08 1.288226757623078811e-04
1.991321561909098029e+08 1.145261011568088350e-04
1.769690978573855758e+08 1.018117958255793098e-04
1.572727488895968497e+08 9.040402476401254717e-05
1.397685688787496686e+08 8.029524232888718416e-05
1.242125732801124305e+08 7.141432077673037782e-05
1.103879325991517007e+08 6.351548080130164919e-05
9.810195008226171136e+07 5.638475485758576156e-05
8.718337578519445658e+07 5.013120668162507343e-05
7.748001958094401658e+07 4.449713160137314105e-05
6.885662983564962447e+07 3.959202662962013619e-05
6.119300818413534015e+07 3.521031083053571820e-05
5.438233412761283666e+07 3.123826401640883432e-05
4.832967610070946813e+07 2.778870087083440410e-05
4.295066825411413610e+07 2.468155282731032685e-05
3.817033450898476690e+07 2.196276257160345580e-05
3.392204349202958494e+07 1.952059626342261822e-05
3.014657978447335958e+07 1.734398010111437571e-05
2.679131853937856853e+07 1.540383779430332112e-05
2.380949196260502189e+07 1.369554677299600343e-05
2.115953743314726278e+07 1.216672214621183912e-05
1.752373813432895020e+07 1.008098747146135565e-05
1.443185565446423739e+07 8.299885588980426832e-06
1.188550388248924166e+07 6.831190505707240845e-06
9.788429563246695325e+06 5.634436286927613224e-06
8.061362333640946075e+06 4.633075123258723060e-06
6.639018266857718118e+06 3.818394523166790400e-06
5.467632110237018205e+06 3.145281984778813822e-06
4.502924934268088080e+06 2.586754364347632063e-06
3.708430368914178573e+06 2.131628339098468050e-06
3.199767193279160652e+06 4.674622531288719074e-02
2.790306878813525662e+06 3.876699532014526994e-02
2.434526408342468087e+06 3.214772553396016974e-02
2.125271034505860880e+06 2.665697236336228571e-02
1.856351227411591448e+06 2.210261694727222448e-02
1.622411244233496254e+06 1.832520193609354919e-02
1.384760130590153858e+06 1.577258998298365633e-02
1.174188771942306543e+06 1.556605934301652505e-03
9.989176168681615964e+05 1.382292085327208042e-02
8.524637721577929333e+05 1.840817276388406754e-08
7.296466361794626573e+05 5.983268734132293071e-03
6.263096397394529777e+05 6.608141728854419195e-03
5.390887640854550991e+05 6.807955748499502913e-04
4.652516399883320555e+05 1.899956916777086058e-03
4.025676660953485989e+05 3.954078021267657533e-03
3.492080538288145326e+05 4.665601416490972042e-03
3.036675476612983039e+05 4.491522617172449827e-03
2.647026893081624294e+05 1.399599423166364431e-03
2.312828335721020994e+05 1.111464341208543566e-03
2.025510124035633926e+05 2.368924700955813041e-03
1.777925811632445257e+05 6.716196874632859859e-04
1.564099068874203076e+05 6.980719626881182194e-04
1.379018876871115353e+05 2.053012076754006689e-03
1.218473029672175180e+05 6.936094869161024690e-04
1.078912222578943620e+05 9.961643663700670004e-04
9.573387409270161879e+04 1.142957041566581124e-03
8.512152639399775944e+04 7.847493218694117159e-05
7.583893344621142023e+04 1.240294128929658041e-04
6.770312551087854081e+04 7.210044200290626620e-04
6.055825135542402131e+04 7.793218499343923175e-04
5.427129662629502855e+04 2.378046847297810018e-04
4.872851372348954465e+04 1.751621384755708277e-04
4.383245473313026741e+04 4.293660328936691611e-04
3.949947278743038623e+04 2.287751191222949995e-04
3.565764036245607713e+04 1.754998477134193935e-04
3.224499537832732676e+04 1.586816221928158584e-04
2.920806446456910999e+04 6.972857846676561167e-10
2.650062604463478419e+04 2.846604947990272194e-04
2.408264554376055821e+04 1.419154905306641012e-04
2.191931764813094560e+04 5.026024041399068665e-10
1.998071366432990180e+04 1.835136315280307736e-04
1.824032623053797215e+04 1.427049937774427235e-04
1.667534034940980200e+04 1.177035055145811849e-04
1.526576047288259542e+04 7.138900538170239816e-05
1.399409619929474684e+04 2.323905614193283063e-05
1.284502296371476768e+04 1.482531547739754200e-04
1.180509151226582617e+04 1.194689994008513168e-04
1.086247990324780767e+04 1.095396012453103978e-04
1.000677707872081191e+04 6.416038723523531445e-05
9.228800762422340995e+03 3.030687384225540931e-05
8.520424040447886000e+03 1.667430638008227106e-10
7.874516243966780166e+03 1.543867256259545684e-10
7.284627249712947560e+03 6.900882181071210653e-05
6.745143854342826671e+03 6.071860998851359530e-05
6.251002012911861129e+03 8.709893091340302962e-06
5.797767575826007487e+03 7.626965725648915395e-11
5.381121538038393737e+03 2.316526835495892698e-05
4.997638136844547262e+03 1.336977948085404932e-05
4.643857871249628261e+03 1.802476708689937368e-05
4.316616694524652303e+03 5.284754968706839584e-11
4.012826687987955211e+03 3.820391894764660172e-05
3.729218936881281024e+03 3.664042564842571429e-05
3.461731904113843484e+03 2.894954202666347176e-05
3.203541871414997786e+03 2.328922528249677271e-05
2.934825711038879035e+03 1.781023557012032297e-05
0.000000000000000000e+00 0.000000000000000000e+00
