0.000000000000000000e+00 0.000000000000000000e+00
5.441582668285206556e+08 6.775553904026310192e+00
4.835944099352737069e+08 6.021446638340421487e+00
4.297712036677420735e+08 5.351270105767980567e+00
3.819384254808514118e+08 4.755683365758159198e+00
3.394293512777321935e+08 4.226384188252268359e+00
3.016514621794667840e+08 3.755994811383061460e+00
2.680781856149981320e+08 3.337959437624704151e+00
2.382415556131896973e+08 2.966450293318303011e+00
2.117256899914538264e+08 2.636289705248600512e+00
1.881609935218012333e+08 2.342875268482202955e+00
1.672190062742995918e+08 2.082117413203377509e+00
1.486078253308351338e+08 1.850381370100876666e+00
1.320680360540702194e+08 1.644437143618688424e+00
1.173690961990015358e+08 1.461414309276278800e+00
1.043061224665340036e+08 1.298761458796889201e+00
9.269703470798420906e+07 1.154211584304448479e+00
8.238001797459359467e+07 1.025749824666036147e+00
7.321126703646145761e+07 9.115856847154191200e-01
6.506298193254920840e+07 8.101278105607434554e-01
5.782158661243998259e+07 7.199619832620101079e-01
5.138614584013277292e+07 6.398315168876251846e-01
4.566695829365737736e+07 5.686193871995328664e-01
4.058430625022439659e+07 5.053330422476847161e-01
3.606734442921642959e+07 4.490903722958137223e-01
2.986996766706860811e+07 3.719241026843747022e-01
2.459972058873474970e+07 3.063019323468552102e-01
2.025935413753357530e+07 2.522581239716146229e-01
1.668480048744768836e+07 2.077497978741007501e-01
1.374093988466237858e+07 1.710944788077313206e-01
1.131649305941376649e+07 1.409066293783212132e-01
9.319814818977829069e+06 1.160451150410608534e-01
7.675429817701706663e+06 9.557014651892359325e-02
6.321179554608978331e+06 7.870778639025388657e-02
5.473549159791426733e+06 6.517362992084940743e-02
4.794639592587796971e+06 5.402736645919503644e-02
4.202985033847918734e+06 4.478447110000161047e-02
3.687118325212643016e+06 3.712039859854598944e-02
3.237102775056054350e+06 3.076587577434963805e-02
2.844325539155406877e+06 2.549747544083658113e-02
2.452409452219250612e+06 1.100586727261543274e-03
2.104519675915343687e+06 1.699394531681590326e-02
1.812020994947242085e+06 1.699622193369693113e-03
1.565157276850592578e+06 4.838609602302312851e-03
1.356078777304703835e+06 1.909827855616864217e-02
1.178419419101312524e+06 2.881812164559960365e-03
1.026987657051248825e+06 4.473875896914725203e-03
8.975286743655381724e+05 2.127379295416176319e-03
7.865396931121620582e+05 8.860369779196020090e-03
6.911251147040788783e+05 1.020612855493157473e-02
6.088823048857378308e+05 5.035373731516301632e-03
5.378106581120090559e+05 7.869939297017009353e-03
4.762389189257156104e+05 4.759452075457054621e-03
4.227666945780380047e+05 2.482947724386177016e-03
3.762171815129266470e+05 3.362004819791764021e-03
3.355987767232021433e+05 2.930038119943037533e-03
3.000737616018535336e+05 1.418282362845095859e-03
2.689326692821649485e+05 3.773476237571727482e-03
2.415732179171633034e+05 1.826832216465845704e-03
2.174829436754902708e+05 4.311097055661452723e-05
1.962248436663688917e+05 1.796343257284186735e-03
1.774254588930482569e+05 2.319753820201763631e-03
1.607649685428150988e+05 1.717550893554548042e-03
1.459550502467582701e+05 2.368324203416705132e-09
1.328013521164261037e+05 1.119748274284023716e-03
1.210589501921793853e+05 6.463259342126548290e-04
1.105662219245956076e+05 1.726792930867304676e-09
1.011714473151879647e+05 8.335217128340353335e-04
9.274310966314903635e+04 8.970831177500596110e-05
8.516709309188224142e+04 7.161318011801730450e-04
7.834415612749349384e+04 3.794492743820741549e-04
7.218784742139559239e+04 1.111514977281125027e-09
6.662309847087968956e+04 2.104112209053710103e-04
6.158283082758184901e+04 8.919702835802620963e-04
5.701041283538383868e+04 6.334346949646804149e-04
5.285480323348576349e+04 7.169222153606824577e-04
4.907147914557933836e+04 5.934874352533370256e-04
4.562124830960426334e+04 5.367293672517708817e-04
4.246955491771798552e+04 3.257135638836441407e-04
3.958587649695418804e+04 3.604025405365973711e-04
3.694320992037064570e+04 3.093636914854869246e-04
3.451762059131825663e+04 4.776212736032903194e-04
3.228786334882349547e+04 1.151156816701787980e-04
3.023504202753424397e+04 3.692190546032625073e-04
2.834232165831030943e+04 1.478201559731871697e-04
2.659467465698821616e+04 1.837499039538670331e-04
2.497865952068441766e+04 2.818530680298794592e-04
2.348222553657112439e+04 2.998468566528954726e-04
2.209453974524425939e+04 2.286465653015834227e-04
2.080583065033399544e+04 1.711335389700252563e-04
1.960724242109507031e+04 2.306944166543114052e-04
1.849069389907566074e+04 2.428571315249428153e-04
1.744872009184960916e+04 1.370162863167934120e-04
1.647428262277069007e+04 1.823856621285813162e-10
1.556053794263243799e+04 7.474340544864237820e-05
1.470017614258920003e+04 1.781960393294774862e-04
1.388423992220203945e+04 1.600801141338959637e-04
1.309779223698909118e+04 1.657356006035115570e-04
1.229734976418461520e+04 1.181131643122956885e-04
0.000000000000000000e+00 0.000000000000000000e+00
